9.10142e+02	1.02371e-03	7.01287e-24	2.05904e-22
9.10342e+02	3.59256e-04	2.46378e-24	7.15070e-23
9.10542e+02	1.23965e-03	8.51085e-24	2.44173e-22
9.10742e+02	1.15005e-03	7.90443e-24	2.24169e-22
9.10941e+02	1.40187e-03	9.64582e-24	2.70412e-22
9.11141e+02	9.70721e-04	6.68655e-24	1.85299e-22
9.11341e+02	1.81598e-03	1.25226e-23	3.43047e-22
9.11541e+02	1.34876e-03	9.31105e-24	2.52142e-22
9.11741e+02	6.29562e-04	4.35089e-24	1.16471e-22
9.11941e+02	7.19660e-04	4.97902e-24	1.31758e-22
9.12141e+02	8.63781e-04	5.98270e-24	1.56504e-22
9.12340e+02	1.56594e-03	1.08579e-23	2.80784e-22
9.12540e+02	1.87235e-03	1.29967e-23	3.32245e-22
9.12740e+02	5.40228e-04	3.75405e-24	9.48698e-23
9.12940e+02	1.29686e-03	9.02176e-24	2.25384e-22
9.13140e+02	1.47733e-03	1.02886e-23	2.54094e-22
9.13340e+02	1.04522e-03	7.28715e-24	1.77912e-22
9.13539e+02	1.26180e-03	8.80678e-24	2.12557e-22
9.13739e+02	1.87516e-03	1.31022e-23	3.12619e-22
9.13939e+02	1.74941e-03	1.22369e-23	2.88641e-22
9.14139e+02	1.80402e-03	1.26327e-23	2.94579e-22
9.14339e+02	1.66015e-03	1.16380e-23	2.68290e-22
9.14539e+02	2.54509e-03	1.78611e-23	4.07058e-22
9.14739e+02	2.69030e-03	1.89009e-23	4.25847e-22
9.14938e+02	1.80612e-03	1.27029e-23	2.82944e-22
9.15138e+02	1.82473e-03	1.28479e-23	2.82916e-22
9.15338e+02	1.91564e-03	1.35028e-23	2.93953e-22
9.15538e+02	1.95241e-03	1.37770e-23	2.96512e-22
9.15738e+02	1.68174e-03	1.18800e-23	2.52779e-22
9.15938e+02	1.73659e-03	1.22809e-23	2.58340e-22
9.16137e+02	2.33430e-03	1.65259e-23	3.43688e-22
9.16337e+02	2.24459e-03	1.59081e-23	3.27085e-22
9.16537e+02	2.20913e-03	1.56740e-23	3.18614e-22
9.16737e+02	2.48160e-03	1.76264e-23	3.54237e-22
9.16937e+02	2.68177e-03	1.90690e-23	3.78884e-22
9.17137e+02	2.42897e-03	1.72903e-23	3.39650e-22
9.17337e+02	2.75625e-03	1.96414e-23	3.81465e-22
9.17536e+02	2.81167e-03	2.00582e-23	3.85148e-22
9.17736e+02	3.28456e-03	2.34574e-23	4.45319e-22
9.17936e+02	3.72151e-03	2.66069e-23	4.99397e-22
9.18136e+02	3.21444e-03	2.30067e-23	4.26939e-22
9.18336e+02	3.08850e-03	2.21295e-23	4.06018e-22
9.18536e+02	3.30785e-03	2.37270e-23	4.30410e-22
9.18735e+02	3.89101e-03	2.79404e-23	5.01118e-22
9.18935e+02	4.23820e-03	3.04667e-23	5.40259e-22
9.19135e+02	3.25726e-03	2.34406e-23	4.10977e-22
9.19335e+02	4.76956e-03	3.43612e-23	5.95649e-22
9.19535e+02	4.68053e-03	3.37565e-23	5.78569e-22
9.19735e+02	4.29991e-03	3.10452e-23	5.26103e-22
9.19935e+02	4.61160e-03	3.33319e-23	5.58491e-22
9.20134e+02	4.86875e-03	3.52289e-23	5.83630e-22
9.20334e+02	5.08974e-03	3.68680e-23	6.03910e-22
9.20534e+02	4.47139e-03	3.24242e-23	5.25144e-22
9.20734e+02	5.80615e-03	4.21490e-23	6.74971e-22
9.20934e+02	5.51637e-03	4.00889e-23	6.34765e-22
9.21134e+02	6.10349e-03	4.44039e-23	6.95189e-22
9.21333e+02	6.36216e-03	4.63362e-23	7.17294e-22
9.21533e+02	5.45039e-03	3.97388e-23	6.08259e-22
9.21733e+02	7.74009e-03	5.64943e-23	8.55025e-22
9.21933e+02	6.18752e-03	4.52113e-23	6.76585e-22
9.22133e+02	7.94847e-03	5.81415e-23	8.60329e-22
9.22333e+02	7.82375e-03	5.72913e-23	8.38249e-22
9.22532e+02	7.60732e-03	5.57670e-23	8.06807e-22
9.22732e+02	7.81245e-03	5.73329e-23	8.20175e-22
9.22932e+02	7.33907e-03	5.39174e-23	7.62682e-22
9.23132e+02	8.70071e-03	6.39903e-23	8.95040e-22
9.23332e+02	8.52113e-03	6.27375e-23	8.67706e-22
9.23532e+02	1.02704e-02	7.56988e-23	1.03527e-21
9.23732e+02	8.85985e-03	6.53730e-23	8.84061e-22
9.23931e+02	9.36054e-03	6.91423e-23	9.24592e-22
9.24131e+02	1.03401e-02	7.64606e-23	1.01104e-21
9.24331e+02	1.05107e-02	7.78062e-23	1.01736e-21
9.24531e+02	1.11604e-02	8.27054e-23	1.06935e-21
9.24731e+02	1.17184e-02	8.69346e-23	1.11150e-21
9.24931e+02	1.22403e-02	9.09046e-23	1.14931e-21
9.25130e+02	1.27443e-02	9.47500e-23	1.18459e-21
9.25330e+02	1.28795e-02	9.58589e-23	1.18511e-21
9.25530e+02	1.36796e-02	1.01925e-22	1.24607e-21
9.25730e+02	1.36682e-02	1.01950e-22	1.23251e-21
9.25930e+02	1.50055e-02	1.12045e-22	1.33950e-21
9.26130e+02	1.50129e-02	1.12222e-22	1.32670e-21
9.26329e+02	1.52795e-02	1.14339e-22	1.33671e-21
9.26529e+02	1.65459e-02	1.23949e-22	1.43297e-21
9.26729e+02	1.67951e-02	1.25952e-22	1.43996e-21
9.26929e+02	1.67482e-02	1.25736e-22	1.42154e-21
9.27129e+02	1.89442e-02	1.42376e-22	1.59181e-21
9.27329e+02	1.88245e-02	1.41629e-22	1.56591e-21
9.27529e+02	1.97249e-02	1.48564e-22	1.62438e-21
9.27728e+02	2.06081e-02	1.55383e-22	1.68013e-21
9.27928e+02	2.15108e-02	1.62365e-22	1.73618e-21
9.28128e+02	2.31021e-02	1.74565e-22	1.84597e-21
9.28328e+02	2.28170e-02	1.72596e-22	1.80497e-21
9.28528e+02	2.37224e-02	1.79638e-22	1.85784e-21
9.28728e+02	2.53919e-02	1.92489e-22	1.96873e-21
9.28927e+02	2.61697e-02	1.98599e-22	2.00879e-21
9.29127e+02	2.66311e-02	2.02318e-22	2.02380e-21
9.29327e+02	2.76716e-02	2.10450e-22	2.08190e-21
9.29527e+02	2.85080e-02	2.17044e-22	2.12345e-21
9.29727e+02	2.83000e-02	2.15693e-22	2.08695e-21
9.29927e+02	2.97359e-02	2.26881e-22	2.17101e-21
9.30126e+02	2.98267e-02	2.27819e-22	2.15596e-21
9.30326e+02	3.08906e-02	2.36199e-22	2.21064e-21
9.30526e+02	3.16002e-02	2.41885e-22	2.23893e-21
9.30726e+02	3.21608e-02	2.46442e-22	2.25600e-21
9.30926e+02	3.30974e-02	2.53891e-22	2.29863e-21
9.31126e+02	3.35658e-02	2.57761e-22	2.30800e-21
9.31326e+02	3.40167e-02	2.61505e-22	2.31579e-21
9.31525e+02	3.40366e-02	2.61939e-22	2.29415e-21
9.31725e+02	3.52204e-02	2.71342e-22	2.35040e-21
9.31925e+02	3.42830e-02	2.64403e-22	2.26515e-21
9.32125e+02	3.55624e-02	2.74565e-22	2.32640e-21
9.32325e+02	3.58277e-02	2.76911e-22	2.32054e-21
9.32525e+02	3.70162e-02	2.86404e-22	2.37378e-21
9.32724e+02	3.67374e-02	2.84552e-22	2.33259e-21
9.32924e+02	3.69858e-02	2.86784e-22	2.32513e-21
9.33124e+02	3.62730e-02	2.81559e-22	2.25777e-21
9.33324e+02	3.86909e-02	3.00650e-22	2.38447e-21
9.33524e+02	3.92241e-02	3.05121e-22	2.39345e-21
9.33724e+02	3.82470e-02	2.97839e-22	2.31079e-21
9.33923e+02	3.84412e-02	2.99672e-22	2.29959e-21
9.34123e+02	3.81440e-02	2.97674e-22	2.25930e-21
9.34323e+02	3.93413e-02	3.07347e-22	2.30724e-21
9.34523e+02	3.83239e-02	2.99720e-22	2.22542e-21
9.34723e+02	3.96743e-02	3.10614e-22	2.28114e-21
9.34923e+02	4.00036e-02	3.13527e-22	2.27742e-21
9.35122e+02	3.96305e-02	3.10936e-22	2.23397e-21
9.35322e+02	3.98454e-02	3.12957e-22	2.22399e-21
9.35522e+02	3.93388e-02	3.09309e-22	2.17412e-21
9.35722e+02	4.02770e-02	3.17025e-22	2.20409e-21
9.35922e+02	4.06639e-02	3.20413e-22	2.20339e-21
9.36122e+02	3.99293e-02	3.14961e-22	2.14234e-21
9.36321e+02	3.97642e-02	3.13994e-22	2.11254e-21
9.36521e+02	4.05907e-02	3.20864e-22	2.13529e-21
9.36721e+02	4.15327e-02	3.28661e-22	2.16341e-21
9.36921e+02	4.15781e-02	3.29373e-22	2.14455e-21
9.37121e+02	4.05935e-02	3.21917e-22	2.07324e-21
9.37321e+02	4.13845e-02	3.28540e-22	2.09294e-21
9.37521e+02	4.20418e-02	3.34115e-22	2.10537e-21
9.37720e+02	4.18399e-02	3.32866e-22	2.07475e-21
9.37920e+02	4.23653e-02	3.37406e-22	2.08025e-21
9.38120e+02	4.28712e-02	3.41800e-22	2.08451e-21
9.38320e+02	4.33212e-02	3.45756e-22	2.08581e-21
9.38520e+02	4.35992e-02	3.48347e-22	2.07869e-21
9.38720e+02	4.30322e-02	3.44183e-22	2.03162e-21
9.38919e+02	4.38673e-02	3.51237e-22	2.05083e-21
9.39119e+02	4.45488e-02	3.57074e-22	2.06238e-21
9.39319e+02	4.51553e-02	3.62321e-22	2.07007e-21
9.39519e+02	4.48957e-02	3.60622e-22	2.03810e-21
9.39719e+02	4.47136e-02	3.59543e-22	2.01006e-21
9.39919e+02	4.55516e-02	3.66672e-22	2.02779e-21
9.40118e+02	4.63937e-02	3.73848e-22	2.04518e-21
9.40318e+02	4.60011e-02	3.71079e-22	2.00814e-21
9.40518e+02	4.59940e-02	3.71418e-22	1.98830e-21
9.40718e+02	4.63734e-02	3.74880e-22	1.98522e-21
9.40918e+02	4.65793e-02	3.76946e-22	1.97466e-21
9.41118e+02	4.70951e-02	3.81525e-22	1.97713e-21
9.41317e+02	4.74760e-02	3.85021e-22	1.97378e-21
9.41517e+02	4.84000e-02	3.92932e-22	1.99267e-21
9.41717e+02	4.86855e-02	3.95670e-22	1.98498e-21
9.41917e+02	4.89120e-02	3.97934e-22	1.97488e-21
9.42117e+02	4.91788e-02	4.00530e-22	1.96641e-21
9.42317e+02	4.92128e-02	4.01232e-22	1.94871e-21
9.42516e+02	5.06661e-02	4.13521e-22	1.98683e-21
9.42716e+02	5.13626e-02	4.19651e-22	1.99465e-21
9.42916e+02	5.21965e-02	4.26917e-22	2.00743e-21
9.43116e+02	5.30898e-02	4.34685e-22	2.02204e-21
9.43316e+02	5.36335e-02	4.39603e-22	2.02301e-21
9.43516e+02	5.41390e-02	4.44217e-22	2.02235e-21
9.43715e+02	5.52699e-02	4.53978e-22	2.04466e-21
9.43915e+02	5.57381e-02	4.58310e-22	2.04207e-21
9.44115e+02	5.65588e-02	4.65552e-22	2.05215e-21
9.44315e+02	5.75764e-02	4.74431e-22	2.06893e-21
9.44515e+02	6.02020e-02	4.96592e-22	2.14242e-21
9.44715e+02	6.10472e-02	5.04097e-22	2.15157e-21
9.44914e+02	6.09133e-02	5.03526e-22	2.12618e-21
9.45114e+02	6.35848e-02	5.26165e-22	2.19806e-21
9.45314e+02	6.45140e-02	5.34421e-22	2.20873e-21
9.45514e+02	6.42448e-02	5.32754e-22	2.17835e-21
9.45714e+02	6.61982e-02	5.49535e-22	2.22301e-21
9.45914e+02	6.83103e-02	5.67669e-22	2.27190e-21
9.46113e+02	7.03679e-02	5.85387e-22	2.31785e-21
9.46313e+02	7.03384e-02	5.85762e-22	2.29464e-21
9.46513e+02	7.21244e-02	6.01270e-22	2.33032e-21
9.46713e+02	7.21963e-02	6.02507e-22	2.31027e-21
9.46913e+02	7.37493e-02	6.16118e-22	2.33734e-21
9.47113e+02	7.40398e-02	6.19200e-22	2.32406e-21
9.47312e+02	7.53591e-02	6.30899e-22	2.34281e-21
9.47512e+02	7.60668e-02	6.37497e-22	2.34217e-21
9.47712e+02	7.72904e-02	6.48437e-22	2.35707e-21
9.47912e+02	7.68512e-02	6.45433e-22	2.32125e-21
9.48112e+02	7.70872e-02	6.48100e-22	2.30612e-21
9.48312e+02	7.62899e-02	6.42075e-22	2.26045e-21
9.48511e+02	7.69629e-02	6.48423e-22	2.25861e-21
9.48711e+02	7.81338e-02	6.58983e-22	2.27107e-21
9.48911e+02	7.75759e-02	6.54968e-22	2.23333e-21
9.49111e+02	7.74352e-02	6.54470e-22	2.20801e-21
9.49311e+02	7.70752e-02	6.52116e-22	2.17679e-21
9.49511e+02	7.70735e-02	6.52789e-22	2.15599e-21
9.49710e+02	7.57566e-02	6.42313e-22	2.09896e-21
9.49910e+02	7.62730e-02	6.47373e-22	2.09314e-21
9.50110e+02	7.62073e-02	6.47497e-22	2.07143e-21
9.50310e+02	7.59433e-02	6.45934e-22	2.04461e-21
9.50510e+02	7.78182e-02	6.62579e-22	2.07516e-21
9.50710e+02	7.68942e-02	6.55402e-22	2.03102e-21
9.50909e+02	7.72113e-02	6.58797e-22	2.02002e-21
9.51109e+02	7.73282e-02	6.60490e-22	2.00386e-21
9.51309e+02	7.75055e-02	6.62702e-22	1.98938e-21
9.51509e+02	7.82070e-02	6.69404e-22	1.98834e-21
9.51709e+02	7.80034e-02	6.68364e-22	1.96435e-21
9.51909e+02	7.93098e-02	6.80273e-22	1.97831e-21
9.52108e+02	8.01954e-02	6.88593e-22	1.98144e-21
9.52308e+02	8.11025e-02	6.97114e-22	1.98487e-21
9.52508e+02	8.13879e-02	7.00303e-22	1.97299e-21
9.52708e+02	8.28827e-02	7.13916e-22	1.99021e-21
9.52908e+02	8.29681e-02	7.15402e-22	1.97341e-21
9.53108e+02	8.40033e-02	7.25090e-22	1.97914e-21
9.53307e+02	8.46154e-02	7.31141e-22	1.97471e-21
9.53507e+02	8.62202e-02	7.45790e-22	1.99315e-21
9.53707e+02	8.81111e-02	7.62947e-22	2.01763e-21
9.53907e+02	9.13854e-02	7.92130e-22	2.07285e-21
9.54107e+02	9.19242e-02	7.97637e-22	2.06539e-21
9.54307e+02	9.34402e-02	8.11642e-22	2.07965e-21
9.54506e+02	9.50811e-02	8.26762e-22	2.09622e-21
9.54706e+02	9.68463e-02	8.42995e-22	2.11502e-21
9.54906e+02	1.00671e-01	8.77203e-22	2.17783e-21
9.55106e+02	1.03401e-01	9.01939e-22	2.21583e-21
9.55306e+02	1.05302e-01	9.19489e-22	2.23534e-21
9.55506e+02	1.09653e-01	9.58479e-22	2.30579e-21
9.55705e+02	1.13522e-01	9.93344e-22	2.36472e-21
9.55905e+02	1.16684e-01	1.02208e-21	2.40773e-21
9.56105e+02	1.20032e-01	1.05250e-21	2.45354e-21
9.56305e+02	1.22651e-01	1.07660e-21	2.48354e-21
9.56505e+02	1.26545e-01	1.11194e-21	2.53832e-21
9.56705e+02	1.31655e-01	1.15806e-21	2.61606e-21
9.56904e+02	1.37061e-01	1.20687e-21	2.69794e-21
9.57104e+02	1.42809e-01	1.25880e-21	2.78472e-21
9.57304e+02	1.47843e-01	1.30453e-21	2.85587e-21
9.57504e+02	1.50790e-01	1.33194e-21	2.88553e-21
9.57704e+02	1.55387e-01	1.37397e-21	2.94565e-21
9.57904e+02	1.58429e-01	1.40234e-21	2.97521e-21
9.58103e+02	1.64220e-01	1.45511e-21	3.05511e-21
9.58303e+02	1.68779e-01	1.49707e-21	3.11057e-21
9.58503e+02	1.73411e-01	1.53977e-21	3.16607e-21
9.58703e+02	1.76752e-01	1.57108e-21	3.19693e-21
9.58903e+02	1.79370e-01	1.59601e-21	3.21398e-21
9.59103e+02	1.81827e-01	1.61956e-21	3.22760e-21
9.59302e+02	1.83293e-01	1.63433e-21	3.22327e-21
9.59502e+02	1.84081e-01	1.64306e-21	3.20694e-21
9.59702e+02	1.85032e-01	1.65328e-21	3.19346e-21
9.59902e+02	1.84990e-01	1.65463e-21	3.16299e-21
9.60102e+02	1.87525e-01	1.67905e-21	3.17648e-21
9.60302e+02	1.85045e-01	1.65858e-21	3.10529e-21
9.60501e+02	1.82877e-01	1.64085e-21	3.04035e-21
9.60701e+02	1.81473e-01	1.62996e-21	2.98896e-21
9.60901e+02	1.78671e-01	1.60646e-21	2.91545e-21
9.61101e+02	1.75070e-01	1.57572e-21	2.83014e-21
9.61301e+02	1.71588e-01	1.54599e-21	2.74808e-21
9.61501e+02	1.70529e-01	1.53805e-21	2.70576e-21
9.61700e+02	1.67560e-01	1.51285e-21	2.63399e-21
9.61900e+02	1.65241e-01	1.49346e-21	2.57343e-21
9.62100e+02	1.62451e-01	1.46978e-21	2.50652e-21
9.62300e+02	1.58776e-01	1.43802e-21	2.42712e-21
9.62500e+02	1.55344e-01	1.40841e-21	2.35266e-21
9.62700e+02	1.51257e-01	1.37278e-21	2.26954e-21
9.62899e+02	1.48067e-01	1.34523e-21	2.20112e-21
9.63099e+02	1.47300e-01	1.33964e-21	2.16945e-21
9.63299e+02	1.44734e-01	1.31768e-21	2.11195e-21
9.63499e+02	1.43141e-01	1.30453e-21	2.06939e-21
9.63699e+02	1.39826e-01	1.27565e-21	2.00280e-21
9.63898e+02	1.37504e-01	1.25576e-21	1.95134e-21
9.64098e+02	1.36086e-01	1.24410e-21	1.91339e-21
9.64298e+02	1.33268e-01	1.21961e-21	1.85648e-21
9.64498e+02	1.31315e-01	1.20298e-21	1.81240e-21
9.64698e+02	1.29954e-01	1.19175e-21	1.77708e-21
9.64898e+02	1.29803e-01	1.19161e-21	1.75866e-21
9.65097e+02	1.29014e-01	1.18559e-21	1.73186e-21
9.65297e+02	1.27817e-01	1.17581e-21	1.70000e-21
9.65497e+02	1.25956e-01	1.15989e-21	1.65983e-21
9.65697e+02	1.24201e-01	1.14492e-21	1.62165e-21
9.65897e+02	1.22807e-01	1.13324e-21	1.58870e-21
9.66097e+02	1.21621e-01	1.12346e-21	1.55889e-21
9.66296e+02	1.20693e-01	1.11604e-21	1.53278e-21
9.66496e+02	1.20899e-01	1.11911e-21	1.52130e-21
9.66696e+02	1.22459e-01	1.13472e-21	1.52678e-21
9.66896e+02	1.21832e-01	1.13008e-21	1.50503e-21
9.67096e+02	1.20642e-01	1.12020e-21	1.47666e-21
9.67296e+02	1.21582e-01	1.13010e-21	1.47452e-21
9.67495e+02	1.23195e-01	1.14628e-21	1.48039e-21
9.67695e+02	1.22415e-01	1.14020e-21	1.45755e-21
9.67895e+02	1.23839e-01	1.15466e-21	1.46100e-21
9.68095e+02	1.25524e-01	1.17158e-21	1.46733e-21
9.68295e+02	1.28403e-01	1.19969e-21	1.48725e-21
9.68494e+02	1.30378e-01	1.21940e-21	1.49632e-21
9.68694e+02	1.32835e-01	1.24366e-21	1.51058e-21
9.68894e+02	1.35951e-01	1.27416e-21	1.53189e-21
9.69094e+02	1.37592e-01	1.29087e-21	1.53623e-21
9.69294e+02	1.40785e-01	1.32220e-21	1.55753e-21
9.69494e+02	1.46378e-01	1.37614e-21	1.60463e-21
9.69693e+02	1.51354e-01	1.42439e-21	1.64405e-21
9.69893e+02	1.57214e-01	1.48107e-21	1.69214e-21
9.70093e+02	1.62907e-01	1.53629e-21	1.73743e-21
9.70293e+02	1.70127e-01	1.60603e-21	1.79791e-21
9.70493e+02	1.76832e-01	1.67105e-21	1.85175e-21
9.70693e+02	1.83490e-01	1.73575e-21	1.90398e-21
9.70892e+02	1.93454e-01	1.83190e-21	1.98911e-21
9.71092e+02	2.02665e-01	1.92110e-21	2.06488e-21
9.71292e+02	2.14342e-01	2.03389e-21	2.16400e-21
9.71492e+02	2.24239e-01	2.13000e-21	2.24336e-21
9.71692e+02	2.35150e-01	2.23593e-21	2.33115e-21
9.71892e+02	2.45251e-01	2.33439e-21	2.40922e-21
9.72091e+02	2.53270e-01	2.41320e-21	2.46542e-21
9.72291e+02	2.59758e-01	2.47757e-21	2.50565e-21
9.72491e+02	2.66931e-01	2.54860e-21	2.55149e-21
9.72691e+02	2.75221e-01	2.63046e-21	2.60690e-21
9.72891e+02	2.80741e-01	2.68598e-21	2.63510e-21
9.73090e+02	2.85406e-01	2.73343e-21	2.65463e-21
9.73290e+02	2.88747e-01	2.76827e-21	2.66141e-21
9.73490e+02	2.90739e-01	2.79024e-21	2.65553e-21
9.73690e+02	2.89548e-01	2.78166e-21	2.62074e-21
9.73890e+02	2.88621e-01	2.77561e-21	2.58874e-21
9.74090e+02	2.87402e-01	2.76673e-21	2.55452e-21
9.74289e+02	2.85764e-01	2.75379e-21	2.51702e-21
9.74489e+02	2.84993e-01	2.74918e-21	2.48758e-21
9.74689e+02	2.86934e-01	2.77076e-21	2.48192e-21
9.74889e+02	2.84608e-01	2.75112e-21	2.43961e-21
9.75089e+02	2.84223e-01	2.75022e-21	2.41434e-21
9.75289e+02	2.81783e-01	2.72941e-21	2.37205e-21
9.75488e+02	2.81140e-01	2.72598e-21	2.34532e-21
9.75688e+02	2.79014e-01	2.70814e-21	2.30663e-21
9.75888e+02	2.75973e-01	2.68137e-21	2.26096e-21
9.76088e+02	2.78219e-01	2.70598e-21	2.25886e-21
9.76288e+02	2.78843e-01	2.71482e-21	2.24357e-21
9.76487e+02	2.80124e-01	2.73009e-21	2.23362e-21
9.76687e+02	2.80274e-01	2.73436e-21	2.21475e-21
9.76887e+02	2.80607e-01	2.74041e-21	2.19746e-21
9.77087e+02	2.78712e-01	2.72469e-21	2.16303e-21
9.77287e+02	2.77958e-01	2.72011e-21	2.13783e-21
9.77487e+02	2.78221e-01	2.72547e-21	2.12066e-21
9.77686e+02	2.79563e-01	2.74143e-21	2.11179e-21
9.77886e+02	2.82119e-01	2.76933e-21	2.11201e-21
9.78086e+02	2.83355e-01	2.78431e-21	2.10226e-21
9.78286e+02	2.84800e-01	2.80138e-21	2.09407e-21
9.78486e+02	2.84415e-01	2.80045e-21	2.07252e-21
9.78685e+02	2.82996e-01	2.78933e-21	2.04373e-21
9.78885e+02	2.81758e-01	2.77997e-21	2.01660e-21
9.79085e+02	2.81275e-01	2.77804e-21	1.99515e-21
9.79285e+02	2.82089e-01	2.78893e-21	1.98305e-21
9.79485e+02	2.81929e-01	2.79020e-21	1.96423e-21
9.79685e+02	2.82791e-01	2.80160e-21	1.95266e-21
9.79884e+02	2.83656e-01	2.81304e-21	1.94115e-21
9.80084e+02	2.81714e-01	2.79664e-21	1.91067e-21
9.80284e+02	2.80649e-01	2.78891e-21	1.88648e-21
9.80484e+02	2.77955e-01	2.76496e-21	1.85173e-21
9.80684e+02	2.76309e-01	2.75139e-21	1.82437e-21
9.80884e+02	2.73907e-01	2.73026e-21	1.79240e-21
9.81083e+02	2.71831e-01	2.71233e-21	1.76299e-21
9.81283e+02	2.71983e-01	2.71662e-21	1.74828e-21
9.81483e+02	2.69316e-01	2.69273e-21	1.71575e-21
9.81683e+02	2.67454e-01	2.67684e-21	1.68875e-21
9.81883e+02	2.65032e-01	2.65531e-21	1.65859e-21
9.82082e+02	2.60213e-01	2.60968e-21	1.61397e-21
9.82282e+02	2.55616e-01	2.56619e-21	1.57139e-21
9.82482e+02	2.52528e-01	2.53778e-21	1.53863e-21
9.82682e+02	2.50404e-01	2.51900e-21	1.51216e-21
9.82882e+02	2.46696e-01	2.48423e-21	1.47656e-21
9.83082e+02	2.46093e-01	2.48068e-21	1.45990e-21
9.83281e+02	2.42134e-01	2.44325e-21	1.42369e-21
9.83481e+02	2.40134e-01	2.42554e-21	1.39943e-21
9.83681e+02	2.32816e-01	2.35402e-21	1.34478e-21
9.83881e+02	2.30176e-01	2.32970e-21	1.31777e-21
9.84081e+02	2.25730e-01	2.28702e-21	1.28089e-21
9.84280e+02	2.22622e-01	2.25783e-21	1.25209e-21
9.84480e+02	2.19393e-01	2.22735e-21	1.22303e-21
9.84680e+02	2.18516e-01	2.22070e-21	1.20738e-21
9.84880e+02	2.16842e-01	2.20593e-21	1.18756e-21
9.85080e+02	2.12254e-01	2.16145e-21	1.15218e-21
9.85280e+02	2.09759e-01	2.13821e-21	1.12859e-21
9.85479e+02	2.05849e-01	2.10049e-21	1.09779e-21
9.85679e+02	2.02907e-01	2.07258e-21	1.07257e-21
9.85879e+02	2.02650e-01	2.07205e-21	1.06178e-21
9.86079e+02	1.99414e-01	2.04103e-21	1.03562e-21
9.86279e+02	2.01132e-01	2.06071e-21	1.03535e-21
9.86478e+02	1.99302e-01	2.04404e-21	1.01691e-21
9.86678e+02	1.99236e-01	2.04544e-21	1.00763e-21
9.86878e+02	1.97623e-01	2.03093e-21	9.90689e-22
9.87078e+02	1.95935e-01	2.01563e-21	9.73601e-22
9.87278e+02	1.94749e-01	2.00546e-21	9.59210e-22
9.87478e+02	1.94313e-01	2.00300e-21	9.48662e-22
9.87677e+02	1.92128e-01	1.98249e-21	9.29765e-22
9.87877e+02	1.94543e-01	2.00945e-21	9.33196e-22
9.88077e+02	1.96526e-01	2.03198e-21	9.34443e-22
9.88277e+02	1.95948e-01	2.02806e-21	9.23531e-22
9.88477e+02	1.96054e-01	2.03122e-21	9.15938e-22
9.88676e+02	1.96577e-01	2.03869e-21	9.10337e-22
9.88876e+02	1.95046e-01	2.02486e-21	8.95342e-22
9.89076e+02	1.95475e-01	2.03137e-21	8.89464e-22
9.89276e+02	1.96590e-01	2.04503e-21	8.86715e-22
9.89476e+02	1.96999e-01	2.05136e-21	8.80793e-22
9.89676e+02	1.99364e-01	2.07809e-21	8.83581e-22
9.89875e+02	2.00495e-01	2.09199e-21	8.80832e-22
9.90075e+02	2.02273e-01	2.11268e-21	8.80889e-22
9.90275e+02	2.02444e-01	2.11661e-21	8.73942e-22
9.90475e+02	2.02517e-01	2.11950e-21	8.66629e-22
9.90675e+02	2.03242e-01	2.12925e-21	8.62151e-22
9.90874e+02	2.03316e-01	2.13217e-21	8.54948e-22
9.91074e+02	2.05117e-01	2.15324e-21	8.55010e-22
9.91274e+02	2.06823e-01	2.17334e-21	8.54614e-22
9.91474e+02	2.08909e-01	2.19748e-21	8.55721e-22
9.91674e+02	2.11709e-01	2.22918e-21	8.59646e-22
9.91874e+02	2.12329e-01	2.23797e-21	8.54667e-22
9.92073e+02	2.12454e-01	2.24155e-21	8.47737e-22
9.92273e+02	2.12423e-01	2.24348e-21	8.40249e-22
9.92473e+02	2.12246e-01	2.24387e-21	8.32257e-22
9.92673e+02	2.14391e-01	2.26884e-21	8.33370e-22
9.92873e+02	2.15885e-01	2.28696e-21	8.31898e-22
9.93072e+02	2.18606e-01	2.31811e-21	8.35073e-22
9.93272e+02	2.19199e-01	2.32674e-21	8.30080e-22
9.93472e+02	2.21145e-01	2.34977e-21	8.30193e-22
9.93672e+02	2.21133e-01	2.35201e-21	8.22957e-22
9.93872e+02	2.23115e-01	2.37548e-21	8.23141e-22
9.94071e+02	2.21581e-01	2.36153e-21	8.10408e-22
9.94271e+02	2.20451e-01	2.35185e-21	7.99299e-22
9.94471e+02	2.20853e-01	2.35851e-21	7.93832e-22
9.94671e+02	2.22206e-01	2.37535e-21	7.91790e-22
9.94871e+02	2.23717e-01	2.39391e-21	7.90286e-22
9.95071e+02	2.24975e-01	2.40980e-21	7.87869e-22
9.95270e+02	2.27044e-01	2.43441e-21	7.88248e-22
9.95470e+02	2.25808e-01	2.42359e-21	7.77193e-22
9.95670e+02	2.25066e-01	2.41806e-21	7.67957e-22
9.95870e+02	2.25332e-01	2.42335e-21	7.62234e-22
9.96070e+02	2.24535e-01	2.41721e-21	7.52993e-22
9.96269e+02	2.24982e-01	2.42446e-21	7.47993e-22
9.96469e+02	2.25952e-01	2.43735e-21	7.44747e-22
9.96669e+02	2.27733e-01	2.45903e-21	7.44156e-22
9.96869e+02	2.27978e-01	2.46416e-21	7.38549e-22
9.97069e+02	2.28461e-01	2.47185e-21	7.33747e-22
9.97268e+02	2.27458e-01	2.46348e-21	7.24247e-22
9.97468e+02	2.25580e-01	2.44559e-21	7.12096e-22
9.97668e+02	2.23992e-01	2.43081e-21	7.01007e-22
9.97868e+02	2.24233e-01	2.43587e-21	6.95738e-22
9.98068e+02	2.23507e-01	2.43042e-21	6.87532e-22
9.98268e+02	2.27453e-01	2.47581e-21	6.93670e-22
9.98467e+02	2.26096e-01	2.46351e-21	6.83616e-22
9.98667e+02	2.27641e-01	2.48283e-21	6.82390e-22
9.98867e+02	2.25986e-01	2.46725e-21	6.71624e-22
9.99067e+02	2.23529e-01	2.44287e-21	6.58632e-22
9.99267e+02	2.22660e-01	2.43582e-21	6.50456e-22
9.99466e+02	2.20642e-01	2.41615e-21	6.39044e-22
9.99666e+02	2.21342e-01	2.42625e-21	6.35588e-22
9.99866e+02	2.20733e-01	2.42200e-21	6.28422e-22
1.00007e+03	2.21860e-01	2.43681e-21	6.26232e-22
1.00027e+03	2.21867e-01	2.43933e-21	6.20903e-22
1.00047e+03	2.20692e-01	2.42883e-21	6.12340e-22
1.00067e+03	2.20178e-01	2.42561e-21	6.05700e-22
1.00087e+03	2.17697e-01	2.40067e-21	5.93766e-22
1.00106e+03	2.15209e-01	2.37561e-21	5.81973e-22
1.00126e+03	2.15118e-01	2.37698e-21	5.76769e-22
1.00146e+03	2.13920e-01	2.36610e-21	5.68668e-22
1.00166e+03	2.15111e-01	2.38166e-21	5.66964e-22
1.00186e+03	2.13636e-01	2.36769e-21	5.58283e-22
1.00206e+03	2.14667e-01	2.38150e-21	5.56204e-22
1.00226e+03	2.12502e-01	2.35984e-21	5.45911e-22
1.00246e+03	2.13837e-01	2.37703e-21	5.44667e-22
1.00266e+03	2.10242e-01	2.33941e-21	5.30960e-22
1.00286e+03	2.09708e-01	2.33579e-21	5.25112e-22
1.00306e+03	2.10878e-01	2.35118e-21	5.23558e-22
1.00326e+03	2.10294e-01	2.34700e-21	5.17676e-22
1.00346e+03	2.11886e-01	2.36713e-21	5.17168e-22
1.00366e+03	2.12186e-01	2.37285e-21	5.13509e-22
1.00386e+03	2.14148e-01	2.39718e-21	5.13863e-22
1.00406e+03	2.13732e-01	2.39491e-21	5.08518e-22
1.00426e+03	2.12389e-01	2.38223e-21	5.01042e-22
1.00446e+03	2.11356e-01	2.37301e-21	4.94383e-22
1.00466e+03	2.10430e-01	2.36496e-21	4.88050e-22
1.00486e+03	2.11180e-01	2.37577e-21	4.85648e-22
1.00506e+03	2.11175e-01	2.37808e-21	4.81529e-22
1.00526e+03	2.15301e-01	2.42695e-21	4.86787e-22
1.00546e+03	2.14629e-01	2.42179e-21	4.81167e-22
1.00566e+03	2.16380e-01	2.44398e-21	4.80996e-22
1.00586e+03	2.15736e-01	2.43913e-21	4.75515e-22
1.00606e+03	2.16448e-01	2.44961e-21	4.73058e-22
1.00626e+03	2.13475e-01	2.41838e-21	4.62626e-22
1.00646e+03	2.15662e-01	2.44559e-21	4.63425e-22
1.00666e+03	2.14699e-01	2.43709e-21	4.57467e-22
1.00686e+03	2.16583e-01	2.46092e-21	4.57593e-22
1.00706e+03	2.18396e-01	2.48398e-21	4.57537e-22
1.00726e+03	2.20095e-01	2.50580e-21	4.57215e-22
1.00746e+03	2.18902e-01	2.49469e-21	4.50911e-22
1.00766e+03	2.18978e-01	2.49804e-21	4.47273e-22
1.00786e+03	2.18585e-01	2.49603e-21	4.42716e-22
1.00806e+03	2.18486e-01	2.49739e-21	4.38798e-22
1.00826e+03	2.17694e-01	2.49080e-21	4.33534e-22
1.00846e+03	2.17991e-01	2.49668e-21	4.30481e-22
1.00866e+03	2.18645e-01	2.50666e-21	4.28148e-22
1.00886e+03	2.22963e-01	2.55869e-21	4.32940e-22
1.00906e+03	2.22144e-01	2.55183e-21	4.27734e-22
1.00926e+03	2.24116e-01	2.57703e-21	4.27912e-22
1.00946e+03	2.23383e-01	2.57115e-21	4.22939e-22
1.00966e+03	2.21388e-01	2.55072e-21	4.15652e-22
1.00986e+03	2.22731e-01	2.56875e-21	4.14673e-22
1.01006e+03	2.24749e-01	2.59459e-21	4.14928e-22
1.01026e+03	2.26369e-01	2.61587e-21	4.14422e-22
1.01046e+03	2.27692e-01	2.63378e-21	4.13359e-22
1.01066e+03	2.29827e-01	2.66111e-21	4.13748e-22
1.01086e+03	2.31845e-01	2.68713e-21	4.13893e-22
1.01106e+03	2.33344e-01	2.70718e-21	4.13090e-22
1.01126e+03	2.33114e-01	2.70720e-21	4.09239e-22
1.01145e+03	2.33779e-01	2.71760e-21	4.06981e-22
1.01165e+03	2.34694e-01	2.73094e-21	4.05166e-22
1.01185e+03	2.36411e-01	2.75365e-21	4.04729e-22
1.01205e+03	2.38255e-01	2.77787e-21	4.04485e-22
1.01225e+03	2.41046e-01	2.81319e-21	4.05815e-22
1.01245e+03	2.45015e-01	2.86234e-21	4.09062e-22
1.01265e+03	2.47944e-01	2.89942e-21	4.10506e-22
1.01285e+03	2.50400e-01	2.93104e-21	4.11124e-22
1.01305e+03	2.50564e-01	2.93587e-21	4.07972e-22
1.01325e+03	2.50972e-01	2.94355e-21	4.05239e-22
1.01345e+03	2.52141e-01	2.96019e-21	4.03744e-22
1.01365e+03	2.54444e-01	2.99017e-21	4.04046e-22
1.01385e+03	2.57578e-01	3.02999e-21	4.05628e-22
1.01405e+03	2.60175e-01	3.06356e-21	4.06317e-22
1.01425e+03	2.61617e-01	3.08359e-21	4.05180e-22
1.01445e+03	2.65983e-01	3.13814e-21	4.08526e-22
1.01465e+03	2.66582e-01	3.14832e-21	4.06052e-22
1.01485e+03	2.68201e-01	3.17056e-21	4.05133e-22
1.01505e+03	2.68272e-01	3.17453e-21	4.01884e-22
1.01525e+03	2.69405e-01	3.19108e-21	4.00240e-22
1.01545e+03	2.69332e-01	3.19336e-21	3.96821e-22
1.01565e+03	2.72950e-01	3.23945e-21	3.98824e-22
1.01585e+03	2.75750e-01	3.27591e-21	3.99585e-22
1.01605e+03	2.79363e-01	3.32211e-21	4.01475e-22
1.01625e+03	2.81375e-01	3.34933e-21	4.01026e-22
1.01645e+03	2.79813e-01	3.33401e-21	3.95506e-22
1.01665e+03	2.80672e-01	3.34755e-21	3.93446e-22
1.01685e+03	2.80046e-01	3.34337e-21	3.89329e-22
1.01705e+03	2.78449e-01	3.32758e-21	3.83916e-22
1.01725e+03	2.79364e-01	3.34180e-21	3.82002e-22
1.01745e+03	2.81421e-01	3.36972e-21	3.81644e-22
1.01765e+03	2.81214e-01	3.37056e-21	3.78222e-22
1.01785e+03	2.82999e-01	3.39529e-21	3.77488e-22
1.01805e+03	2.83740e-01	3.40752e-21	3.75362e-22
1.01825e+03	2.80269e-01	3.36915e-21	3.67720e-22
1.01845e+03	2.78521e-01	3.35144e-21	3.62422e-22
1.01865e+03	2.74096e-01	3.30143e-21	3.53731e-22
1.01885e+03	2.71965e-01	3.27898e-21	3.48097e-22
1.01905e+03	2.68989e-01	3.24629e-21	3.41460e-22
1.01925e+03	2.67493e-01	3.23141e-21	3.36774e-22
1.01945e+03	2.66564e-01	3.22335e-21	3.32850e-22
1.01965e+03	2.63362e-01	3.18776e-21	3.26154e-22
1.01985e+03	2.58946e-01	3.13739e-21	3.18056e-22
1.02005e+03	2.57311e-01	3.12063e-21	3.13456e-22
1.02025e+03	2.51234e-01	3.04992e-21	3.03546e-22
1.02045e+03	2.44510e-01	2.97121e-21	2.93003e-22
1.02065e+03	2.39331e-01	2.91113e-21	2.84449e-22
1.02085e+03	2.35276e-01	2.86462e-21	2.77342e-22
1.02105e+03	2.32620e-01	2.83506e-21	2.71968e-22
1.02125e+03	2.27052e-01	2.76991e-21	2.63287e-22
1.02145e+03	2.25167e-01	2.74960e-21	2.58967e-22
1.02164e+03	2.21543e-01	2.70801e-21	2.52718e-22
1.02184e+03	2.15287e-01	2.63412e-21	2.43576e-22
1.02204e+03	2.09934e-01	2.57113e-21	2.35581e-22
1.02224e+03	2.03731e-01	2.49761e-21	2.26755e-22
1.02244e+03	1.99632e-01	2.44975e-21	2.20380e-22
1.02264e+03	1.93146e-01	2.37248e-21	2.11482e-22
1.02284e+03	1.88536e-01	2.31813e-21	2.04753e-22
1.02304e+03	1.84753e-01	2.27384e-21	1.99009e-22
1.02324e+03	1.82393e-01	2.24699e-21	1.94867e-22
1.02344e+03	1.78579e-01	2.20216e-21	1.89240e-22
1.02364e+03	1.74878e-01	2.15862e-21	1.83810e-22
1.02384e+03	1.69980e-01	2.10022e-21	1.77209e-22
1.02404e+03	1.65596e-01	2.04806e-21	1.71236e-22
1.02424e+03	1.61542e-01	1.99987e-21	1.65686e-22
1.02444e+03	1.55251e-01	1.92387e-21	1.57941e-22
1.02464e+03	1.53165e-01	1.89988e-21	1.54553e-22
1.02484e+03	1.51077e-01	1.87581e-21	1.51209e-22
1.02504e+03	1.47228e-01	1.82980e-21	1.46161e-22
1.02524e+03	1.45180e-01	1.80610e-21	1.42959e-22
1.02544e+03	1.43335e-01	1.78489e-21	1.39998e-22
1.02564e+03	1.37055e-01	1.70837e-21	1.32780e-22
1.02584e+03	1.34174e-01	1.67408e-21	1.28936e-22
1.02604e+03	1.31458e-01	1.64179e-21	1.25303e-22
1.02624e+03	1.28137e-01	1.60189e-21	1.21150e-22
1.02644e+03	1.26472e-01	1.58261e-21	1.18608e-22
1.02664e+03	1.23755e-01	1.55012e-21	1.15121e-22
1.02684e+03	1.25173e-01	1.56941e-21	1.15500e-22
1.02704e+03	1.22706e-01	1.53998e-21	1.12308e-22
1.02724e+03	1.20327e-01	1.51160e-21	1.09242e-22
1.02744e+03	1.17960e-01	1.48330e-21	1.06228e-22
1.02764e+03	1.15568e-01	1.45465e-21	1.03234e-22
1.02784e+03	1.13351e-01	1.42812e-21	1.00437e-22
1.02804e+03	1.11197e-01	1.40235e-21	9.77340e-23
1.02824e+03	1.09115e-01	1.37744e-21	9.51319e-23
1.02844e+03	1.07132e-01	1.35372e-21	9.26501e-23
1.02864e+03	1.05159e-01	1.33009e-21	9.02120e-23
1.02884e+03	1.03405e-01	1.30917e-21	8.79928e-23
1.02904e+03	1.01534e-01	1.28674e-21	8.57059e-23
1.02924e+03	9.97852e-02	1.26581e-21	8.35521e-23
1.02944e+03	9.80257e-02	1.24470e-21	8.14190e-23
1.02964e+03	9.61729e-02	1.22236e-21	7.92382e-23
1.02984e+03	9.43931e-02	1.20090e-21	7.71471e-23
1.03004e+03	9.28050e-02	1.18185e-21	7.52401e-23
1.03024e+03	9.12677e-02	1.16340e-21	7.33999e-23
1.03044e+03	8.98767e-02	1.14678e-21	7.17013e-23
1.03064e+03	8.84133e-02	1.12921e-21	6.99682e-23
1.03084e+03	8.69759e-02	1.11193e-21	6.82789e-23
1.03104e+03	8.55687e-02	1.09500e-21	6.66360e-23
1.03124e+03	8.41270e-02	1.07760e-21	6.49885e-23
1.03143e+03	8.29061e-02	1.06299e-21	6.35326e-23
1.03163e+03	8.15847e-02	1.04706e-21	6.20196e-23
1.03183e+03	8.03725e-02	1.03250e-21	6.06094e-23
1.03203e+03	7.91895e-02	1.01829e-21	5.92397e-23
1.03223e+03	7.81618e-02	1.00605e-21	5.80035e-23
1.03243e+03	7.70688e-02	9.92949e-22	5.67355e-23
1.03263e+03	7.60667e-02	9.80989e-22	5.55506e-23
1.03283e+03	7.49014e-02	9.66897e-22	5.42629e-23
1.03303e+03	7.37273e-02	9.52663e-22	5.29860e-23
1.03323e+03	7.27384e-02	9.40796e-22	5.18583e-23
1.03343e+03	7.17401e-02	9.28784e-22	5.07388e-23
1.03363e+03	7.08061e-02	9.17580e-22	4.96791e-23
1.03383e+03	6.99913e-02	9.07899e-22	4.87162e-23
1.03403e+03	6.90953e-02	8.97145e-22	4.77096e-23
1.03423e+03	6.81328e-02	8.85505e-22	4.66704e-23
1.03443e+03	6.71062e-02	8.73006e-22	4.56014e-23
1.03463e+03	6.62465e-02	8.62656e-22	4.46592e-23
1.03483e+03	6.53181e-02	8.51390e-22	4.36832e-23
1.03503e+03	6.44681e-02	8.41124e-22	4.27721e-23
1.03523e+03	6.37271e-02	8.32260e-22	4.19446e-23
1.03543e+03	6.26983e-02	8.19617e-22	4.09397e-23
1.03563e+03	6.19718e-02	8.10902e-22	4.01441e-23
1.03583e+03	6.12638e-02	8.02413e-22	3.93706e-23
1.03603e+03	6.05750e-02	7.94159e-22	3.86192e-23
1.03623e+03	5.97345e-02	7.83897e-22	3.77814e-23
1.03643e+03	5.90208e-02	7.75279e-22	3.70342e-23
1.03663e+03	5.82410e-02	7.65776e-22	3.62554e-23
1.03683e+03	5.74613e-02	7.56253e-22	3.54868e-23
1.03703e+03	5.66612e-02	7.46443e-22	3.47157e-23
1.03723e+03	5.57842e-02	7.35599e-22	3.39079e-23
1.03743e+03	5.50713e-02	7.26899e-22	3.32099e-23
1.03763e+03	5.43173e-02	7.17640e-22	3.24962e-23
1.03783e+03	5.36195e-02	7.09103e-22	3.18252e-23
1.03803e+03	5.28217e-02	6.99228e-22	3.11041e-23
1.03823e+03	5.22708e-02	6.92603e-22	3.05367e-23
1.03843e+03	5.17537e-02	6.86412e-22	2.99959e-23
1.03863e+03	5.10157e-02	6.77275e-22	2.93349e-23
1.03883e+03	5.04358e-02	6.70223e-22	2.87728e-23
1.03903e+03	4.97471e-02	6.61708e-22	2.81562e-23
1.03923e+03	4.90713e-02	6.53348e-22	2.75548e-23
1.03943e+03	4.85022e-02	6.46393e-22	2.70207e-23
1.03963e+03	4.79423e-02	6.39546e-22	2.64985e-23
1.03983e+03	4.72687e-02	6.31168e-22	2.59206e-23
1.04003e+03	4.65441e-02	6.22092e-22	2.53225e-23
1.04023e+03	4.58963e-02	6.14023e-22	2.47736e-23
1.04043e+03	4.52574e-02	6.06058e-22	2.42367e-23
1.04063e+03	4.47063e-02	5.99256e-22	2.37535e-23
1.04083e+03	4.41774e-02	5.92735e-22	2.32881e-23
1.04102e+03	4.36769e-02	5.86584e-22	2.28436e-23
1.04122e+03	4.31842e-02	5.80525e-22	2.24086e-23
1.04142e+03	4.26511e-02	5.73910e-22	2.19584e-23
1.04162e+03	4.20900e-02	5.66904e-22	2.14996e-23
1.04182e+03	4.14755e-02	5.59164e-22	2.10196e-23
1.04202e+03	4.10329e-02	5.53729e-22	2.06324e-23
1.04222e+03	4.05329e-02	5.47507e-22	2.02213e-23
1.04242e+03	4.00068e-02	5.40920e-22	1.98026e-23
1.04262e+03	3.94630e-02	5.34080e-22	1.93806e-23
1.04282e+03	3.88820e-02	5.26723e-22	1.89459e-23
1.04302e+03	3.83989e-02	5.20677e-22	1.85642e-23
1.04322e+03	3.79944e-02	5.15687e-22	1.82251e-23
1.04342e+03	3.76179e-02	5.11067e-22	1.79035e-23
1.04362e+03	3.70799e-02	5.04242e-22	1.75096e-23
1.04382e+03	3.66859e-02	4.99362e-22	1.71883e-23
1.04402e+03	3.64029e-02	4.95986e-22	1.69227e-23
1.04422e+03	3.59330e-02	4.90053e-22	1.65739e-23
1.04442e+03	3.55614e-02	4.85449e-22	1.62746e-23
1.04462e+03	3.51369e-02	4.80114e-22	1.59550e-23
1.04482e+03	3.47171e-02	4.74833e-22	1.56416e-23
1.04502e+03	3.42995e-02	4.69570e-22	1.53331e-23
1.04522e+03	3.38613e-02	4.64016e-22	1.50194e-23
1.04542e+03	3.33748e-02	4.57787e-22	1.46884e-23
1.04562e+03	3.30609e-02	4.53916e-22	1.44370e-23
1.04582e+03	3.27252e-02	4.49737e-22	1.41794e-23
1.04602e+03	3.24189e-02	4.45955e-22	1.39375e-23
1.04622e+03	3.19946e-02	4.40539e-22	1.36482e-23
1.04642e+03	3.15290e-02	4.34544e-22	1.33451e-23
1.04662e+03	3.12467e-02	4.31065e-22	1.31230e-23
1.04682e+03	3.09306e-02	4.27112e-22	1.28894e-23
1.04702e+03	3.05267e-02	4.21938e-22	1.26224e-23
1.04722e+03	3.00773e-02	4.16125e-22	1.23402e-23
1.04742e+03	2.97165e-02	4.11526e-22	1.20977e-23
1.04762e+03	2.95180e-02	4.09167e-22	1.19238e-23
1.04782e+03	2.91375e-02	4.04279e-22	1.16789e-23
1.04802e+03	2.87533e-02	3.99330e-22	1.14357e-23
1.04822e+03	2.85020e-02	3.96217e-22	1.12481e-23
1.04842e+03	2.81499e-02	3.91697e-22	1.10232e-23
1.04862e+03	2.76763e-02	3.85475e-22	1.07540e-23
1.04882e+03	2.73547e-02	3.81360e-22	1.05469e-23
1.04902e+03	2.71043e-02	3.78229e-22	1.03696e-23
1.04922e+03	2.67965e-02	3.74290e-22	1.01727e-23
1.04942e+03	2.66123e-02	3.72073e-22	1.00248e-23
1.04962e+03	2.64609e-02	3.70310e-22	9.89084e-24
1.04982e+03	2.61839e-02	3.66782e-22	9.71179e-24
1.05002e+03	2.57611e-02	3.61204e-22	9.48133e-24
1.05022e+03	2.54118e-02	3.56645e-22	9.28067e-24
1.05041e+03	2.51482e-02	3.53283e-22	9.11368e-24
1.05061e+03	2.48427e-02	3.49323e-22	8.93362e-24
1.05081e+03	2.43883e-02	3.43261e-22	8.70271e-24
1.05101e+03	2.42033e-02	3.40982e-22	8.57026e-24
1.05121e+03	2.40702e-02	3.39429e-22	8.45756e-24
1.05141e+03	2.36746e-02	3.34169e-22	8.25462e-24
1.05161e+03	2.32091e-02	3.27910e-22	8.03012e-24
1.05181e+03	2.29699e-02	3.24841e-22	7.88634e-24
1.05201e+03	2.27817e-02	3.22485e-22	7.76164e-24
1.05221e+03	2.25996e-02	3.20212e-22	7.64052e-24
1.05241e+03	2.24043e-02	3.17746e-22	7.51636e-24
1.05261e+03	2.22151e-02	3.15363e-22	7.39575e-24
1.05281e+03	2.18576e-02	3.10583e-22	7.22093e-24
1.05301e+03	2.15620e-02	3.06675e-22	7.06871e-24
1.05321e+03	2.14454e-02	3.05306e-22	6.97663e-24
1.05341e+03	2.11295e-02	3.01095e-22	6.82123e-24
1.05361e+03	2.08355e-02	2.97187e-22	6.67483e-24
1.05381e+03	2.05034e-02	2.92729e-22	6.51819e-24
1.05401e+03	2.03371e-02	2.90631e-22	6.41589e-24
1.05421e+03	2.01637e-02	2.88426e-22	6.31255e-24
1.05441e+03	1.98935e-02	2.84831e-22	6.18037e-24
1.05461e+03	1.96152e-02	2.81114e-22	6.04737e-24
1.05481e+03	1.94457e-02	2.78949e-22	5.94932e-24
1.05501e+03	1.92040e-02	2.75742e-22	5.83052e-24
1.05521e+03	1.88562e-02	2.71006e-22	5.68127e-24
1.05541e+03	1.86317e-02	2.68034e-22	5.57082e-24
1.05561e+03	1.85213e-02	2.66698e-22	5.49559e-24
1.05581e+03	1.83253e-02	2.64126e-22	5.39600e-24
1.05601e+03	1.80481e-02	2.60377e-22	5.27389e-24
1.05621e+03	1.76708e-02	2.55176e-22	5.12434e-24
1.05641e+03	1.74938e-02	2.52859e-22	5.03439e-24
1.05661e+03	1.73495e-02	2.51011e-22	4.95488e-24
1.05681e+03	1.72896e-02	2.50381e-22	4.90022e-24
1.05701e+03	1.71019e-02	2.47898e-22	4.81017e-24
1.05721e+03	1.65519e-02	2.40153e-22	4.62011e-24
1.05741e+03	1.63449e-02	2.37374e-22	4.52768e-24
1.05761e+03	1.60749e-02	2.33674e-22	4.41907e-24
1.05781e+03	1.58970e-02	2.31306e-22	4.33699e-24
1.05801e+03	1.57117e-02	2.28827e-22	4.25393e-24
1.05821e+03	1.55947e-02	2.27337e-22	4.19023e-24
1.05841e+03	1.53350e-02	2.23764e-22	4.08922e-24
1.05861e+03	1.52161e-02	2.22239e-22	4.02677e-24
1.05881e+03	1.52366e-02	2.22748e-22	4.00164e-24
1.05901e+03	1.51058e-02	2.21045e-22	3.93725e-24
1.05921e+03	1.49688e-02	2.19247e-22	3.87201e-24
1.05941e+03	1.49206e-02	2.18748e-22	3.83036e-24
1.05960e+03	1.46430e-02	2.14881e-22	3.73067e-24
1.05980e+03	1.43600e-02	2.10928e-22	3.63092e-24
1.06000e+03	1.41064e-02	2.07397e-22	3.53982e-24
1.06020e+03	1.39962e-02	2.05972e-22	3.48564e-24
1.06040e+03	1.36090e-02	2.00464e-22	3.36364e-24
1.06060e+03	1.33200e-02	1.96392e-22	3.26737e-24
1.06080e+03	1.31674e-02	1.94325e-22	3.20556e-24
1.06100e+03	1.30501e-02	1.92775e-22	3.15304e-24
1.06120e+03	1.31838e-02	1.94934e-22	3.16134e-24
1.06140e+03	1.31640e-02	1.94825e-22	3.13280e-24
1.06160e+03	1.28758e-02	1.90739e-22	3.04113e-24
1.06180e+03	1.28521e-02	1.90567e-22	3.01267e-24
1.06200e+03	1.26071e-02	1.87112e-22	2.93302e-24
1.06220e+03	1.22413e-02	1.81853e-22	2.82647e-24
1.06240e+03	1.20719e-02	1.79506e-22	2.76640e-24
1.06260e+03	1.18650e-02	1.76595e-22	2.69855e-24
1.06280e+03	1.16388e-02	1.73392e-22	2.62721e-24
1.06300e+03	1.14716e-02	1.71062e-22	2.57002e-24
1.06320e+03	1.12289e-02	1.67601e-22	2.49677e-24
1.06340e+03	1.09753e-02	1.63970e-22	2.42206e-24
1.06360e+03	1.06502e-02	1.59263e-22	2.33269e-24
1.06380e+03	1.05360e-02	1.57703e-22	2.29037e-24
1.06400e+03	1.04064e-02	1.55910e-22	2.24523e-24
1.06420e+03	1.02789e-02	1.54144e-22	2.20110e-24
1.06440e+03	1.01888e-02	1.52938e-22	2.16548e-24
1.06460e+03	1.00509e-02	1.51009e-22	2.12017e-24
1.06480e+03	9.74006e-03	1.46477e-22	2.03922e-24
1.06500e+03	9.43252e-03	1.41985e-22	1.96006e-24
1.06520e+03	9.21610e-03	1.38858e-22	1.90077e-24
1.06540e+03	8.77365e-03	1.32316e-22	1.79599e-24
1.06560e+03	8.62812e-03	1.30243e-22	1.75300e-24
1.06580e+03	8.47918e-03	1.28115e-22	1.70987e-24
1.06600e+03	8.28030e-03	1.25228e-22	1.65730e-24
1.06620e+03	8.17472e-03	1.23747e-22	1.62396e-24
1.06640e+03	8.13789e-03	1.23305e-22	1.60458e-24
1.06660e+03	7.98835e-03	1.21153e-22	1.56335e-24
1.06680e+03	7.78514e-03	1.18182e-22	1.51222e-24
1.06700e+03	7.63286e-03	1.15979e-22	1.47159e-24
1.06720e+03	7.56903e-03	1.15117e-22	1.44842e-24
1.06740e+03	7.45575e-03	1.13501e-22	1.41612e-24
1.06760e+03	7.33186e-03	1.11719e-22	1.38222e-24
1.06780e+03	7.20713e-03	1.09922e-22	1.34860e-24
1.06800e+03	7.01273e-03	1.07057e-22	1.30246e-24
1.06820e+03	6.88292e-03	1.05174e-22	1.26885e-24
1.06839e+03	6.68608e-03	1.02262e-22	1.22340e-24
1.06859e+03	6.59217e-03	1.00920e-22	1.19726e-24
1.06879e+03	6.50712e-03	9.97114e-23	1.17304e-24
1.06899e+03	6.32920e-03	9.70760e-23	1.13250e-24
1.06919e+03	6.16877e-03	9.47039e-23	1.09560e-24
1.06939e+03	6.28963e-03	9.66497e-23	1.10878e-24
1.06959e+03	6.04800e-03	9.30238e-23	1.05828e-24
1.06979e+03	5.72360e-03	8.81166e-23	9.94098e-25
1.06999e+03	5.77940e-03	8.90590e-23	9.96355e-25
1.07019e+03	5.53952e-03	8.54424e-23	9.47928e-25
1.07039e+03	5.50663e-03	8.50145e-23	9.35325e-25
1.07059e+03	5.30338e-03	8.19532e-23	8.94138e-25
1.07079e+03	5.13482e-03	7.94227e-23	8.59317e-25
1.07099e+03	4.96178e-03	7.68179e-23	8.24220e-25
1.07119e+03	4.71444e-03	7.30568e-23	7.77345e-25
1.07139e+03	4.60174e-03	7.13770e-23	7.53157e-25
1.07159e+03	4.58479e-03	7.11806e-23	7.44843e-25
1.07179e+03	4.30343e-03	6.68748e-23	6.93973e-25
1.07199e+03	4.19110e-03	6.51900e-23	6.70872e-25
1.07219e+03	3.90301e-03	6.07657e-23	6.20150e-25
1.07239e+03	3.68408e-03	5.74107e-23	5.81048e-25
1.07259e+03	3.56808e-03	5.56550e-23	5.58606e-25
1.07279e+03	3.38013e-03	5.27725e-23	5.25283e-25
1.07299e+03	3.51504e-03	5.49300e-23	5.42226e-25
1.07319e+03	3.31845e-03	5.19062e-23	5.08132e-25
1.07339e+03	3.10353e-03	4.85898e-23	4.71726e-25
1.07359e+03	3.27313e-03	5.12930e-23	4.93846e-25
1.07379e+03	3.31241e-03	5.19568e-23	4.96098e-25
1.07399e+03	3.07755e-03	4.83180e-23	4.57536e-25
1.07419e+03	3.10246e-03	4.87546e-23	4.57852e-25
1.07439e+03	2.86518e-03	4.50676e-23	4.19729e-25
1.07459e+03	2.82258e-03	4.44390e-23	4.10453e-25
1.07479e+03	2.76228e-03	4.35302e-23	3.98738e-25
1.07499e+03	2.54223e-03	4.00997e-23	3.64281e-25
1.07519e+03	2.59738e-03	4.10078e-23	3.69456e-25
1.07539e+03	2.57815e-03	4.07420e-23	3.64032e-25
1.07559e+03	2.68385e-03	4.24520e-23	3.76181e-25
1.07579e+03	2.68990e-03	4.25872e-23	3.74268e-25
1.07599e+03	2.59520e-03	4.11261e-23	3.58448e-25
1.07619e+03	2.58270e-03	4.09661e-23	3.54111e-25
1.07639e+03	2.56306e-03	4.06924e-23	3.48848e-25
1.07659e+03	2.40483e-03	3.82157e-23	3.24919e-25
1.07679e+03	2.37710e-03	3.78102e-23	3.18824e-25
1.07698e+03	2.34164e-03	3.72809e-23	3.11775e-25
1.07718e+03	2.35374e-03	3.75084e-23	3.11097e-25
1.07738e+03	2.33640e-03	3.72667e-23	3.06551e-25
1.07758e+03	2.35618e-03	3.76170e-23	3.06890e-25
1.07778e+03	2.13050e-03	3.40456e-23	2.75472e-25
1.07798e+03	2.17915e-03	3.48553e-23	2.79707e-25
1.07818e+03	2.16840e-03	3.47157e-23	2.76300e-25
1.07838e+03	2.23652e-03	3.58395e-23	2.82903e-25
1.07858e+03	2.13537e-03	3.42503e-23	2.68140e-25
1.07878e+03	2.11677e-03	3.39835e-23	2.63870e-25
1.07898e+03	2.25747e-03	3.62761e-23	2.79362e-25
1.07918e+03	2.17053e-03	3.49113e-23	2.66649e-25
1.07938e+03	1.92978e-03	3.10678e-23	2.35349e-25
1.07958e+03	1.76009e-03	2.83623e-23	2.13094e-25
1.07978e+03	1.86703e-03	3.01133e-23	2.24399e-25
1.07998e+03	1.95524e-03	3.15654e-23	2.33295e-25
1.08018e+03	1.90033e-03	3.07073e-23	2.25096e-25
1.08038e+03	1.95049e-03	3.15471e-23	2.29361e-25
1.08058e+03	2.09092e-03	3.38498e-23	2.44091e-25
1.08078e+03	1.98480e-03	3.21615e-23	2.30023e-25
1.08098e+03	1.83448e-03	2.97533e-23	2.11061e-25
1.08118e+03	2.02359e-03	3.28508e-23	2.31131e-25
1.08138e+03	1.86830e-03	3.03579e-23	2.11848e-25
1.08158e+03	1.69187e-03	2.75166e-23	1.90454e-25
1.08178e+03	1.72238e-03	2.80388e-23	1.92486e-25
1.08198e+03	1.70070e-03	2.77115e-23	1.88688e-25
1.08218e+03	1.57811e-03	2.57377e-23	1.73820e-25
1.08238e+03	1.52750e-03	2.49353e-23	1.67030e-25
1.08258e+03	1.68785e-03	2.75784e-23	1.83230e-25
1.08278e+03	1.60461e-03	2.62426e-23	1.72936e-25
1.08298e+03	1.47550e-03	2.41534e-23	1.57872e-25
1.08318e+03	1.52245e-03	2.49450e-23	1.61720e-25
1.08338e+03	1.61093e-03	2.64191e-23	1.69885e-25
1.08358e+03	1.62131e-03	2.66140e-23	1.69747e-25
1.08378e+03	1.39034e-03	2.28437e-23	1.44515e-25
1.08398e+03	1.15339e-03	1.89679e-23	1.19022e-25
1.08418e+03	1.17469e-03	1.93361e-23	1.20347e-25
1.08438e+03	1.23406e-03	2.03321e-23	1.25519e-25
1.08458e+03	1.03597e-03	1.70841e-23	1.04612e-25
1.08478e+03	1.15883e-03	1.91279e-23	1.16177e-25
1.08498e+03	1.02280e-03	1.68982e-23	1.01802e-25
1.08518e+03	7.18753e-04	1.18858e-23	7.10251e-26
1.08538e+03	8.46124e-04	1.40050e-23	8.30107e-26
1.08557e+03	7.15780e-04	1.18585e-23	6.97186e-26
1.08577e+03	7.74881e-04	1.28495e-23	7.49332e-26
1.08597e+03	7.43184e-04	1.23352e-23	7.13521e-26
1.08617e+03	6.58871e-04	1.09459e-23	6.28035e-26
1.08637e+03	5.16885e-04	8.59498e-24	4.89160e-26
1.08657e+03	4.35396e-04	7.24663e-24	4.09088e-26
1.08677e+03	3.62047e-04	6.03137e-24	3.37733e-26
1.08697e+03	3.01417e-04	5.02596e-24	2.79161e-26
1.08717e+03	2.93711e-04	4.90197e-24	2.70075e-26
1.08737e+03	2.63603e-04	4.40353e-24	2.40655e-26
1.08757e+03	1.83912e-04	3.07512e-24	1.66701e-26
1.08777e+03	3.10720e-04	5.20018e-24	2.79626e-26
1.08797e+03	3.34575e-04	5.60458e-24	2.98942e-26
1.08817e+03	3.63127e-04	6.08846e-24	3.22133e-26
1.08837e+03	4.28361e-04	7.18882e-24	3.77288e-26
1.08857e+03	4.89536e-04	8.22303e-24	4.28090e-26
1.08877e+03	5.83353e-04	9.80795e-24	5.06490e-26
1.08897e+03	7.24036e-04	1.21845e-23	6.24150e-26
1.08917e+03	7.40757e-04	1.24773e-23	6.34009e-26
1.08937e+03	6.55423e-04	1.10501e-23	5.56973e-26
1.08957e+03	6.44007e-04	1.08676e-23	5.43371e-26
1.08977e+03	5.34169e-04	9.02235e-24	4.47485e-26
1.08997e+03	5.83333e-04	9.86182e-24	4.85191e-26
1.09017e+03	6.42337e-04	1.08693e-23	5.30464e-26
1.09037e+03	5.64237e-04	9.55652e-24	4.62651e-26
1.09057e+03	4.37972e-04	7.42476e-24	3.56563e-26
1.09077e+03	5.64012e-04	9.57025e-24	4.55911e-26
1.09097e+03	5.13454e-04	8.72037e-24	4.12093e-26
1.09117e+03	3.95049e-04	6.71556e-24	3.14809e-26
1.09137e+03	3.53089e-04	6.00778e-24	2.79373e-26
1.09157e+03	3.78780e-04	6.45083e-24	2.97573e-26
1.09177e+03	3.07165e-04	5.23598e-24	2.39599e-26
1.09197e+03	5.09107e-04	8.68626e-24	3.94303e-26
1.09217e+03	3.98119e-04	6.79885e-24	3.06156e-26
1.09237e+03	1.97380e-04	3.37382e-24	1.50710e-26
1.09257e+03	1.48623e-04	2.54274e-24	1.12677e-26
1.09277e+03	-1.39277e-04	-2.38504e-24	-1.04844e-26
1.09297e+03	-2.14746e-04	-3.68077e-24	-1.60511e-26
1.09317e+03	-3.50985e-05	-6.02142e-25	-2.60485e-27
1.09337e+03	7.55163e-05	1.29673e-24	5.56481e-27
1.09357e+03	2.62816e-04	4.51708e-24	1.92300e-26
1.09376e+03	1.72539e-04	2.96818e-24	1.25353e-26
1.09396e+03	-9.68022e-05	-1.66681e-24	-6.98316e-27
1.09416e+03	1.12546e-04	1.93966e-24	8.06151e-27
1.09436e+03	7.19065e-05	1.24040e-24	5.11420e-27
1.09456e+03	-1.03125e-05	-1.78056e-25	-7.28281e-28
1.09476e+03	-2.43341e-04	-4.20537e-24	-1.70637e-26
1.09496e+03	-2.54722e-04	-4.40608e-24	-1.77358e-26
1.09516e+03	-3.39270e-04	-5.87392e-24	-2.34561e-26
1.09536e+03	-3.72055e-04	-6.44743e-24	-2.55415e-26
1.09556e+03	-1.94680e-04	-3.37674e-24	-1.32706e-26
1.09576e+03	-2.37747e-04	-4.12750e-24	-1.60922e-26
1.09596e+03	-1.96264e-04	-3.41044e-24	-1.31908e-26
1.09616e+03	-1.75750e-04	-3.05677e-24	-1.17290e-26
1.09636e+03	-2.19266e-04	-3.81710e-24	-1.45301e-26
1.09656e+03	-1.98677e-04	-3.46183e-24	-1.30732e-26
1.09676e+03	-1.29395e-04	-2.25670e-24	-8.45456e-27
1.09696e+03	-2.86922e-04	-5.00858e-24	-1.86154e-26
1.09716e+03	-4.89228e-04	-8.54790e-24	-3.15181e-26
1.09736e+03	-6.49539e-04	-1.13592e-23	-4.15522e-26
1.09756e+03	-6.68591e-04	-1.17031e-23	-4.24708e-26
1.09776e+03	-4.84268e-04	-8.48440e-24	-3.05463e-26
1.09796e+03	-3.26034e-04	-5.71735e-24	-2.04212e-26
1.09816e+03	-5.10465e-04	-8.95970e-24	-3.17489e-26
1.09836e+03	-3.39886e-04	-5.97112e-24	-2.09914e-26
1.09856e+03	-2.34980e-04	-4.13189e-24	-1.44107e-26
1.09876e+03	-1.23606e-04	-2.17548e-24	-7.52739e-27
1.09896e+03	-2.82075e-05	-4.96905e-25	-1.70576e-27
1.09916e+03	5.66613e-05	9.99060e-25	3.40244e-27
1.09936e+03	1.42242e-04	2.51032e-24	8.48174e-27
1.09956e+03	-6.28476e-05	-1.11016e-24	-3.72133e-27
1.09976e+03	3.44254e-05	6.08653e-25	2.02415e-27
