9.10142e+02	3.38303e-03	2.24803e-23	6.60042e-22
9.10342e+02	5.99236e-03	3.98631e-23	1.15696e-21
9.10542e+02	5.24529e-03	3.49318e-23	1.00218e-21
9.10742e+02	5.36764e-03	3.57859e-23	1.01488e-21
9.10941e+02	4.06501e-03	2.71312e-23	7.60598e-22
9.11141e+02	3.86983e-03	2.58568e-23	7.16550e-22
9.11341e+02	3.99129e-03	2.66977e-23	7.31362e-22
9.11541e+02	4.31141e-03	2.88707e-23	7.81816e-22
9.11741e+02	5.74334e-03	3.85017e-23	1.03067e-21
9.11941e+02	5.82683e-03	3.91043e-23	1.03480e-21
9.12141e+02	5.03600e-03	3.38341e-23	8.85080e-22
9.12340e+02	3.68720e-03	2.47995e-23	6.41310e-22
9.12540e+02	4.84412e-03	3.26165e-23	8.33803e-22
9.12740e+02	3.45342e-03	2.32782e-23	5.88271e-22
9.12940e+02	3.17685e-03	2.14375e-23	5.35557e-22
9.13140e+02	4.21640e-03	2.84836e-23	7.03450e-22
9.13340e+02	4.25932e-03	2.88051e-23	7.03261e-22
9.13539e+02	2.46482e-03	1.66875e-23	4.02763e-22
9.13739e+02	4.66553e-03	3.16215e-23	7.54491e-22
9.13939e+02	4.50883e-03	3.05929e-23	7.21618e-22
9.14139e+02	5.99361e-03	4.07119e-23	9.49349e-22
9.14339e+02	4.83620e-03	3.28861e-23	7.58118e-22
9.14539e+02	2.63444e-03	1.79338e-23	4.08714e-22
9.14739e+02	6.40854e-03	4.36736e-23	9.83987e-22
9.14938e+02	2.87941e-03	1.96444e-23	4.37557e-22
9.15138e+02	5.13221e-03	3.50522e-23	7.71863e-22
9.15338e+02	5.29699e-03	3.62172e-23	7.88444e-22
9.15538e+02	4.81801e-03	3.29783e-23	7.09769e-22
9.15738e+02	4.53992e-03	3.11088e-23	6.61923e-22
9.15938e+02	5.30933e-03	3.64209e-23	7.66146e-22
9.16137e+02	5.83786e-03	4.00903e-23	8.33757e-22
9.16337e+02	6.81162e-03	4.68285e-23	9.62835e-22
9.16537e+02	5.16010e-03	3.55135e-23	7.21902e-22
9.16737e+02	7.06499e-03	4.86766e-23	9.78253e-22
9.16937e+02	5.73508e-03	3.95570e-23	7.85962e-22
9.17137e+02	5.86126e-03	4.04715e-23	7.95019e-22
9.17337e+02	4.73092e-03	3.27022e-23	6.35124e-22
9.17536e+02	6.76335e-03	4.68024e-23	8.98677e-22
9.17736e+02	4.98223e-03	3.45147e-23	6.55233e-22
9.17936e+02	4.78310e-03	3.31714e-23	6.22608e-22
9.18136e+02	5.19369e-03	3.60582e-23	6.69138e-22
9.18336e+02	4.75018e-03	3.30150e-23	6.05740e-22
9.18536e+02	4.75405e-03	3.30780e-23	6.00038e-22
9.18735e+02	5.24742e-03	3.65506e-23	6.55543e-22
9.18935e+02	5.25170e-03	3.66203e-23	6.49380e-22
9.19135e+02	5.62379e-03	3.92576e-23	6.88291e-22
9.19335e+02	5.99653e-03	4.19053e-23	7.26424e-22
9.19535e+02	4.44688e-03	3.11098e-23	5.33206e-22
9.19735e+02	6.33419e-03	4.43614e-23	7.51764e-22
9.19935e+02	6.70850e-03	4.70341e-23	7.88077e-22
9.20134e+02	6.22184e-03	4.36695e-23	7.23464e-22
9.20334e+02	7.54080e-03	5.29847e-23	8.67906e-22
9.20534e+02	6.02720e-03	4.23956e-23	6.86642e-22
9.20734e+02	5.70347e-03	4.01621e-23	6.43154e-22
9.20934e+02	6.94312e-03	4.89446e-23	7.74985e-22
9.21134e+02	6.94884e-03	4.90382e-23	7.67744e-22
9.21333e+02	5.75934e-03	4.06881e-23	6.29860e-22
9.21533e+02	5.06312e-03	3.58084e-23	5.48099e-22
9.21733e+02	5.19145e-03	3.67559e-23	5.56290e-22
9.21933e+02	5.81603e-03	4.12227e-23	6.16896e-22
9.22133e+02	5.98660e-03	4.24778e-23	6.28551e-22
9.22333e+02	5.57799e-03	3.96216e-23	5.79717e-22
9.22532e+02	5.54143e-03	3.94046e-23	5.70084e-22
9.22732e+02	4.30199e-03	3.06243e-23	4.38095e-22
9.22932e+02	5.63445e-03	4.01531e-23	5.67981e-22
9.23132e+02	6.92800e-03	4.94251e-23	6.91315e-22
9.23332e+02	8.14074e-03	5.81399e-23	8.04117e-22
9.23532e+02	5.98291e-03	4.27754e-23	5.85002e-22
9.23732e+02	8.07211e-03	5.77749e-23	7.81310e-22
9.23931e+02	6.70310e-03	4.80284e-23	6.42252e-22
9.24131e+02	5.54032e-03	3.97401e-23	5.25485e-22
9.24331e+02	8.63786e-03	6.20255e-23	8.11015e-22
9.24531e+02	6.84730e-03	4.92214e-23	6.36416e-22
9.24731e+02	7.56540e-03	5.44424e-23	6.96074e-22
9.24931e+02	6.65052e-03	4.79105e-23	6.05735e-22
9.25130e+02	7.28624e-03	5.25471e-23	6.56956e-22
9.25330e+02	5.86551e-03	4.23469e-23	5.23535e-22
9.25530e+02	6.75351e-03	4.88107e-23	5.96732e-22
9.25730e+02	9.07382e-03	6.56517e-23	7.93691e-22
9.25930e+02	6.80858e-03	4.93153e-23	5.89565e-22
9.26130e+02	7.99542e-03	5.79744e-23	6.85380e-22
9.26329e+02	7.66542e-03	5.56417e-23	6.50495e-22
9.26529e+02	8.05302e-03	5.85185e-23	6.76529e-22
9.26729e+02	7.25783e-03	5.27971e-23	6.03609e-22
9.26929e+02	9.42252e-03	6.86182e-23	7.75781e-22
9.27129e+02	8.33065e-03	6.07324e-23	6.79010e-22
9.27329e+02	7.53341e-03	5.49797e-23	6.07878e-22
9.27529e+02	9.23829e-03	6.74950e-23	7.37983e-22
9.27728e+02	7.63330e-03	5.58291e-23	6.03668e-22
9.27928e+02	9.29916e-03	6.80865e-23	7.28053e-22
9.28128e+02	9.30840e-03	6.82278e-23	7.21489e-22
9.28328e+02	9.78634e-03	7.18084e-23	7.50953e-22
9.28528e+02	9.19899e-03	6.75715e-23	6.98831e-22
9.28728e+02	9.63509e-03	7.08512e-23	7.24650e-22
9.28927e+02	8.66223e-03	6.37661e-23	6.44980e-22
9.29127e+02	9.05588e-03	6.67358e-23	6.67563e-22
9.29327e+02	1.10775e-02	8.17217e-23	8.08445e-22
9.29527e+02	1.12177e-02	8.28452e-23	8.10516e-22
9.29727e+02	9.21224e-03	6.81078e-23	6.58983e-22
9.29927e+02	1.11113e-02	8.22368e-23	7.86917e-22
9.30126e+02	1.16814e-02	8.65490e-23	8.19053e-22
9.30326e+02	7.26066e-03	5.38531e-23	5.04024e-22
9.30526e+02	1.19209e-02	8.85136e-23	8.19297e-22
9.30726e+02	1.05960e-02	7.87609e-23	7.21001e-22
9.30926e+02	1.34558e-02	1.00126e-22	9.06499e-22
9.31126e+02	1.32101e-02	9.84033e-23	8.81107e-22
9.31326e+02	1.27044e-02	9.47380e-23	8.38963e-22
9.31525e+02	1.18951e-02	8.87985e-23	7.77726e-22
9.31725e+02	1.21672e-02	9.09275e-23	7.87626e-22
9.31925e+02	1.32209e-02	9.89081e-23	8.47349e-22
9.32125e+02	1.51019e-02	1.13102e-22	9.58316e-22
9.32325e+02	1.29440e-02	9.70450e-23	8.13246e-22
9.32525e+02	1.22608e-02	9.20213e-23	7.62693e-22
9.32724e+02	1.25782e-02	9.45053e-23	7.74697e-22
9.32924e+02	1.61236e-02	1.21274e-22	9.83237e-22
9.33124e+02	1.39135e-02	1.04763e-22	8.40075e-22
9.33324e+02	1.49336e-02	1.12564e-22	8.92753e-22
9.33524e+02	1.36364e-02	1.02897e-22	8.07151e-22
9.33724e+02	1.67596e-02	1.26600e-22	9.82223e-22
9.33923e+02	1.49802e-02	1.13279e-22	8.69270e-22
9.34123e+02	1.45128e-02	1.09863e-22	8.33840e-22
9.34323e+02	1.47912e-02	1.12091e-22	8.41459e-22
9.34523e+02	1.74449e-02	1.32342e-22	9.82642e-22
9.34723e+02	1.79039e-02	1.35970e-22	9.98562e-22
9.34923e+02	1.69969e-02	1.29220e-22	9.38639e-22
9.35122e+02	1.63086e-02	1.24120e-22	8.91764e-22
9.35322e+02	1.71653e-02	1.30780e-22	9.29372e-22
9.35522e+02	1.74924e-02	1.33416e-22	9.37771e-22
9.35722e+02	1.90593e-02	1.45522e-22	1.01173e-21
9.35922e+02	1.78396e-02	1.36355e-22	9.37675e-22
9.36122e+02	1.75920e-02	1.34606e-22	9.15579e-22
9.36321e+02	1.90316e-02	1.45778e-22	9.80783e-22
9.36521e+02	2.12290e-02	1.62783e-22	1.08329e-21
9.36721e+02	2.13412e-02	1.63818e-22	1.07833e-21
9.36921e+02	1.92702e-02	1.48079e-22	9.64141e-22
9.37121e+02	2.08961e-02	1.60745e-22	1.03524e-21
9.37321e+02	2.14535e-02	1.65209e-22	1.05245e-21
9.37521e+02	2.12535e-02	1.63844e-22	1.03243e-21
9.37720e+02	2.10520e-02	1.62464e-22	1.01264e-21
9.37920e+02	2.30452e-02	1.78036e-22	1.09767e-21
9.38120e+02	2.25325e-02	1.74261e-22	1.06276e-21
9.38320e+02	2.29151e-02	1.77409e-22	1.07024e-21
9.38520e+02	2.24462e-02	1.73964e-22	1.03810e-21
9.38720e+02	2.39099e-02	1.85506e-22	1.09499e-21
9.38919e+02	2.39362e-02	1.85909e-22	1.08550e-21
9.39119e+02	2.61695e-02	2.03471e-22	1.17520e-21
9.39319e+02	2.70557e-02	2.10586e-22	1.20315e-21
9.39519e+02	2.50079e-02	1.94855e-22	1.10125e-21
9.39719e+02	2.49904e-02	1.94926e-22	1.08975e-21
9.39919e+02	2.54707e-02	1.98885e-22	1.09989e-21
9.40118e+02	2.77207e-02	2.16684e-22	1.18539e-21
9.40318e+02	2.87965e-02	2.25333e-22	1.21941e-21
9.40518e+02	2.87376e-02	2.25111e-22	1.20509e-21
9.40718e+02	3.06353e-02	2.40233e-22	1.27218e-21
9.40918e+02	2.94418e-02	2.31119e-22	1.21074e-21
9.41118e+02	3.12081e-02	2.45245e-22	1.27091e-21
9.41317e+02	3.00124e-02	2.36101e-22	1.21035e-21
9.41517e+02	3.04130e-02	2.39506e-22	1.21460e-21
9.41717e+02	3.30558e-02	2.60596e-22	1.30734e-21
9.41917e+02	3.22718e-02	2.54686e-22	1.26396e-21
9.42117e+02	3.42811e-02	2.70831e-22	1.32965e-21
9.42317e+02	3.54688e-02	2.80512e-22	1.36239e-21
9.42516e+02	3.62458e-02	2.86962e-22	1.37876e-21
9.42716e+02	3.65663e-02	2.89807e-22	1.37749e-21
9.42916e+02	3.80375e-02	3.01788e-22	1.41905e-21
9.43116e+02	3.80843e-02	3.02480e-22	1.40706e-21
9.43316e+02	3.86372e-02	3.07197e-22	1.41369e-21
9.43516e+02	3.99796e-02	3.18208e-22	1.44867e-21
9.43715e+02	4.03972e-02	3.21873e-22	1.44967e-21
9.43915e+02	4.31816e-02	3.44424e-22	1.53464e-21
9.44115e+02	4.45320e-02	3.55572e-22	1.56736e-21
9.44315e+02	4.46336e-02	3.56761e-22	1.55579e-21
9.44515e+02	4.79920e-02	3.84012e-22	1.65673e-21
9.44715e+02	4.81448e-02	3.85643e-22	1.64599e-21
9.44914e+02	4.92280e-02	3.94738e-22	1.66681e-21
9.45114e+02	5.12035e-02	4.11014e-22	1.71701e-21
9.45314e+02	5.32307e-02	4.27740e-22	1.76782e-21
9.45514e+02	5.36717e-02	4.31740e-22	1.76532e-21
9.45714e+02	5.49103e-02	4.42171e-22	1.78870e-21
9.45914e+02	5.90613e-02	4.76102e-22	1.90543e-21
9.46113e+02	5.70212e-02	4.60143e-22	1.82194e-21
9.46313e+02	5.96767e-02	4.82082e-22	1.88849e-21
9.46513e+02	6.35194e-02	5.13668e-22	1.99080e-21
9.46713e+02	6.48254e-02	5.24784e-22	2.01225e-21
9.46913e+02	6.60403e-02	5.35184e-22	2.03030e-21
9.47113e+02	6.86763e-02	5.57136e-22	2.09111e-21
9.47312e+02	6.90470e-02	5.60735e-22	2.08226e-21
9.47512e+02	7.06510e-02	5.74368e-22	2.11023e-21
9.47712e+02	7.18319e-02	5.84586e-22	2.12497e-21
9.47912e+02	7.40135e-02	6.02977e-22	2.16856e-21
9.48112e+02	7.89126e-02	6.43568e-22	2.28999e-21
9.48312e+02	8.11522e-02	6.62533e-22	2.33247e-21
9.48511e+02	8.44985e-02	6.90581e-22	2.40545e-21
9.48711e+02	8.35079e-02	6.83206e-22	2.35455e-21
9.48911e+02	8.67701e-02	7.10645e-22	2.42318e-21
9.49111e+02	8.96100e-02	7.34678e-22	2.47861e-21
9.49311e+02	9.19726e-02	7.54844e-22	2.51970e-21
9.49511e+02	9.52103e-02	7.82241e-22	2.58353e-21
9.49710e+02	1.00475e-01	8.26365e-22	2.70041e-21
9.49910e+02	1.02288e-01	8.42165e-22	2.72296e-21
9.50110e+02	1.03757e-01	8.55165e-22	2.73578e-21
9.50310e+02	1.07069e-01	8.83389e-22	2.79623e-21
9.50510e+02	1.12803e-01	9.31682e-22	2.91797e-21
9.50710e+02	1.15306e-01	9.53355e-22	2.95435e-21
9.50909e+02	1.17095e-01	9.69165e-22	2.97167e-21
9.51109e+02	1.18112e-01	9.78618e-22	2.96903e-21
9.51309e+02	1.25144e-01	1.03797e-21	3.11591e-21
9.51509e+02	1.26805e-01	1.05286e-21	3.12731e-21
9.51709e+02	1.31050e-01	1.08924e-21	3.20133e-21
9.51909e+02	1.35054e-01	1.12371e-21	3.26786e-21
9.52108e+02	1.40489e-01	1.17016e-21	3.36716e-21
9.52308e+02	1.42911e-01	1.19158e-21	3.39275e-21
9.52508e+02	1.49192e-01	1.24527e-21	3.50834e-21
9.52708e+02	1.55204e-01	1.29681e-21	3.61517e-21
9.52908e+02	1.59761e-01	1.33628e-21	3.68609e-21
9.53108e+02	1.66291e-01	1.39237e-21	3.80048e-21
9.53307e+02	1.70136e-01	1.42606e-21	3.85160e-21
9.53507e+02	1.74276e-01	1.46230e-21	3.90805e-21
9.53707e+02	1.79717e-01	1.50953e-21	3.99199e-21
9.53907e+02	1.87735e-01	1.57854e-21	4.13074e-21
9.54107e+02	1.94392e-01	1.63623e-21	4.23683e-21
9.54307e+02	2.01214e-01	1.69543e-21	4.34416e-21
9.54506e+02	2.11023e-01	1.77995e-21	4.51298e-21
9.54706e+02	2.16941e-01	1.83179e-21	4.59584e-21
9.54906e+02	2.25801e-01	1.90860e-21	4.73847e-21
9.55106e+02	2.32909e-01	1.97074e-21	4.84161e-21
9.55306e+02	2.41416e-01	2.04487e-21	4.97122e-21
9.55506e+02	2.52038e-01	2.13708e-21	5.14111e-21
9.55705e+02	2.63533e-01	2.23689e-21	5.32505e-21
9.55905e+02	2.73474e-01	2.32370e-21	5.47398e-21
9.56105e+02	2.87429e-01	2.44484e-21	5.69926e-21
9.56305e+02	2.97713e-01	2.53496e-21	5.84774e-21
9.56505e+02	3.07187e-01	2.61837e-21	5.97719e-21
9.56705e+02	3.20184e-01	2.73201e-21	6.17164e-21
9.56904e+02	3.33536e-01	2.84892e-21	6.36871e-21
9.57104e+02	3.47123e-01	2.96809e-21	6.56602e-21
9.57304e+02	3.61960e-01	3.09819e-21	6.78251e-21
9.57504e+02	3.77541e-01	3.23493e-21	7.00821e-21
9.57704e+02	3.88744e-01	3.33441e-21	7.14861e-21
9.57904e+02	4.02732e-01	3.45800e-21	7.33654e-21
9.58103e+02	4.13592e-01	3.55496e-21	7.46390e-21
9.58303e+02	4.25420e-01	3.66046e-21	7.60558e-21
9.58503e+02	4.37026e-01	3.76424e-21	7.74004e-21
9.58703e+02	4.47389e-01	3.85754e-21	7.84957e-21
9.58903e+02	4.64180e-01	4.00649e-21	8.06812e-21
9.59103e+02	4.69812e-01	4.05934e-21	8.08981e-21
9.59302e+02	4.78198e-01	4.13612e-21	8.15739e-21
9.59502e+02	4.86270e-01	4.21032e-21	8.21773e-21
9.59702e+02	4.87014e-01	4.22117e-21	8.15359e-21
9.59902e+02	4.89659e-01	4.24852e-21	8.12149e-21
9.60102e+02	4.91666e-01	4.27039e-21	8.07884e-21
9.60302e+02	4.89642e-01	4.25725e-21	7.97068e-21
9.60501e+02	4.90395e-01	4.26824e-21	7.90867e-21
9.60701e+02	4.87046e-01	4.24351e-21	7.78160e-21
9.60901e+02	4.81180e-01	4.19678e-21	7.61642e-21
9.61101e+02	4.75817e-01	4.15433e-21	7.46155e-21
9.61301e+02	4.64840e-01	4.06272e-21	7.22169e-21
9.61501e+02	4.55595e-01	3.98607e-21	7.01236e-21
9.61700e+02	4.46168e-01	3.90766e-21	6.80354e-21
9.61900e+02	4.42857e-01	3.88270e-21	6.69041e-21
9.62100e+02	4.34451e-01	3.81297e-21	6.50255e-21
9.62300e+02	4.26153e-01	3.74404e-21	6.31924e-21
9.62500e+02	4.16001e-01	3.65864e-21	6.11155e-21
9.62700e+02	4.04195e-01	3.55851e-21	5.88312e-21
9.62899e+02	3.96679e-01	3.49598e-21	5.72029e-21
9.63099e+02	3.85388e-01	3.40000e-21	5.50604e-21
9.63299e+02	3.79399e-01	3.35064e-21	5.37035e-21
9.63499e+02	3.72737e-01	3.29524e-21	5.22728e-21
9.63699e+02	3.63862e-01	3.22012e-21	5.05567e-21
9.63898e+02	3.57315e-01	3.16547e-21	4.91886e-21
9.64098e+02	3.49553e-01	3.09993e-21	4.76758e-21
9.64298e+02	3.40922e-01	3.02652e-21	4.60694e-21
9.64498e+02	3.31128e-01	2.94263e-21	4.43332e-21
9.64698e+02	3.25895e-01	2.89913e-21	4.32303e-21
9.64898e+02	3.20381e-01	2.85304e-21	4.21073e-21
9.65097e+02	3.12448e-01	2.78529e-21	4.06865e-21
9.65297e+02	3.08426e-01	2.75229e-21	3.97929e-21
9.65497e+02	3.02646e-01	2.70351e-21	3.86878e-21
9.65697e+02	2.98026e-01	2.66500e-21	3.77467e-21
9.65897e+02	2.90603e-01	2.60132e-21	3.64680e-21
9.66097e+02	2.85950e-01	2.56232e-21	3.55543e-21
9.66296e+02	2.80851e-01	2.51924e-21	3.45995e-21
9.66496e+02	2.73904e-01	2.45948e-21	3.34338e-21
9.66696e+02	2.70768e-01	2.43383e-21	3.27476e-21
9.66896e+02	2.69027e-01	2.42069e-21	3.22385e-21
9.67096e+02	2.64737e-01	2.38456e-21	3.14335e-21
9.67296e+02	2.63580e-01	2.37660e-21	3.10092e-21
9.67495e+02	2.58739e-01	2.33536e-21	3.01607e-21
9.67695e+02	2.55937e-01	2.31246e-21	2.95608e-21
9.67895e+02	2.50672e-01	2.26723e-21	2.86876e-21
9.68095e+02	2.52120e-01	2.28269e-21	2.85892e-21
9.68295e+02	2.50113e-01	2.26687e-21	2.81023e-21
9.68494e+02	2.48428e-01	2.25393e-21	2.76577e-21
9.68694e+02	2.44119e-01	2.21712e-21	2.69296e-21
9.68894e+02	2.43023e-01	2.20945e-21	2.65637e-21
9.69094e+02	2.43812e-01	2.21891e-21	2.64066e-21
9.69294e+02	2.43097e-01	2.21469e-21	2.60889e-21
9.69494e+02	2.41511e-01	2.20252e-21	2.56822e-21
9.69693e+02	2.42189e-01	2.21099e-21	2.55194e-21
9.69893e+02	2.44738e-01	2.23656e-21	2.55529e-21
9.70093e+02	2.46199e-01	2.25224e-21	2.54712e-21
9.70293e+02	2.46316e-01	2.25563e-21	2.52512e-21
9.70493e+02	2.48103e-01	2.27434e-21	2.52028e-21
9.70693e+02	2.48910e-01	2.28410e-21	2.50547e-21
9.70892e+02	2.48361e-01	2.28141e-21	2.47721e-21
9.71092e+02	2.51241e-01	2.31024e-21	2.48314e-21
9.71292e+02	2.51534e-01	2.31533e-21	2.46345e-21
9.71492e+02	2.55941e-01	2.35832e-21	2.48384e-21
9.71692e+02	2.58100e-01	2.38067e-21	2.48205e-21
9.71892e+02	2.59888e-01	2.39963e-21	2.47656e-21
9.72091e+02	2.60143e-01	2.40446e-21	2.45650e-21
9.72291e+02	2.61148e-01	2.41624e-21	2.44362e-21
9.72491e+02	2.59158e-01	2.40029e-21	2.40302e-21
9.72691e+02	2.59527e-01	2.40619e-21	2.38464e-21
9.72891e+02	2.61900e-01	2.43069e-21	2.38464e-21
9.73090e+02	2.61987e-01	2.43401e-21	2.36385e-21
9.73290e+02	2.63916e-01	2.45445e-21	2.35970e-21
9.73490e+02	2.65169e-01	2.46864e-21	2.34946e-21
9.73690e+02	2.63394e-01	2.45464e-21	2.31263e-21
9.73890e+02	2.64688e-01	2.46924e-21	2.30299e-21
9.74090e+02	2.63482e-01	2.46051e-21	2.27178e-21
9.74289e+02	2.60315e-01	2.43344e-21	2.22421e-21
9.74489e+02	2.60881e-01	2.44123e-21	2.20893e-21
9.74689e+02	2.61388e-01	2.44850e-21	2.19326e-21
9.74889e+02	2.60861e-01	2.44607e-21	2.16909e-21
9.75089e+02	2.63107e-01	2.46967e-21	2.16806e-21
9.75289e+02	2.61422e-01	2.45636e-21	2.13475e-21
9.75488e+02	2.59030e-01	2.43639e-21	2.09617e-21
9.75688e+02	2.59482e-01	2.44315e-21	2.08093e-21
9.75888e+02	2.61860e-01	2.46807e-21	2.08110e-21
9.76088e+02	2.62451e-01	2.47618e-21	2.06704e-21
9.76288e+02	2.63146e-01	2.48529e-21	2.05388e-21
9.76487e+02	2.66653e-01	2.52099e-21	2.06255e-21
9.76687e+02	2.69723e-01	2.55264e-21	2.06756e-21
9.76887e+02	2.70729e-01	2.56478e-21	2.05663e-21
9.77087e+02	2.71619e-01	2.57586e-21	2.04487e-21
9.77287e+02	2.72118e-01	2.58323e-21	2.03025e-21
9.77487e+02	2.75083e-01	2.61405e-21	2.03397e-21
9.77686e+02	2.73280e-01	2.59958e-21	2.00252e-21
9.77886e+02	2.76258e-01	2.63060e-21	2.00621e-21
9.78086e+02	2.80216e-01	2.67102e-21	2.01672e-21
9.78286e+02	2.83929e-01	2.70918e-21	2.02515e-21
9.78486e+02	2.87559e-01	2.74663e-21	2.03269e-21
9.78685e+02	2.86818e-01	2.74236e-21	2.00932e-21
9.78885e+02	2.91004e-01	2.78523e-21	2.02042e-21
9.79085e+02	2.92907e-01	2.80631e-21	2.01546e-21
9.79285e+02	2.97340e-01	2.85170e-21	2.02768e-21
9.79485e+02	2.99281e-01	2.87325e-21	2.02270e-21
9.79685e+02	3.06455e-01	2.94513e-21	2.05270e-21
9.79884e+02	3.09186e-01	2.97442e-21	2.05251e-21
9.80084e+02	3.11562e-01	3.00035e-21	2.04985e-21
9.80284e+02	3.15465e-01	3.04103e-21	2.05702e-21
9.80484e+02	3.20837e-01	3.09598e-21	2.07341e-21
9.80684e+02	3.20692e-01	3.09774e-21	2.05402e-21
9.80884e+02	3.24448e-01	3.13722e-21	2.05957e-21
9.81083e+02	3.30844e-01	3.20233e-21	2.08148e-21
9.81283e+02	3.37263e-01	3.26780e-21	2.10300e-21
9.81483e+02	3.43706e-01	3.33362e-21	2.12412e-21
9.81683e+02	3.49228e-01	3.39064e-21	2.13907e-21
9.81883e+02	3.52272e-01	3.42369e-21	2.13855e-21
9.82082e+02	3.58076e-01	3.48364e-21	2.15448e-21
9.82282e+02	3.56147e-01	3.46841e-21	2.12385e-21
9.82482e+02	3.62721e-01	3.53604e-21	2.14387e-21
9.82682e+02	3.68353e-01	3.59460e-21	2.15784e-21
9.82882e+02	3.76649e-01	3.67931e-21	2.18689e-21
9.83082e+02	3.85099e-01	3.76568e-21	2.21614e-21
9.83281e+02	3.90527e-01	3.82265e-21	2.22747e-21
9.83481e+02	4.01777e-01	3.93678e-21	2.27135e-21
9.83681e+02	4.08569e-01	4.00740e-21	2.28931e-21
9.83881e+02	4.10873e-01	4.03411e-21	2.28186e-21
9.84081e+02	4.17614e-01	4.10446e-21	2.29878e-21
9.84280e+02	4.26796e-01	4.19898e-21	2.32857e-21
9.84480e+02	4.35319e-01	4.28720e-21	2.35409e-21
9.84680e+02	4.44597e-01	4.38302e-21	2.38303e-21
9.84880e+02	4.57987e-01	4.51961e-21	2.43313e-21
9.85080e+02	4.65124e-01	4.59472e-21	2.44925e-21
9.85280e+02	4.78153e-01	4.72823e-21	2.49565e-21
9.85479e+02	4.83700e-01	4.78794e-21	2.50235e-21
9.85679e+02	4.94676e-01	4.90156e-21	2.53658e-21
9.85879e+02	5.02091e-01	4.98009e-21	2.55193e-21
9.86079e+02	5.16845e-01	5.13164e-21	2.60379e-21
9.86279e+02	5.33252e-01	5.29992e-21	2.66281e-21
9.86478e+02	5.41000e-01	5.38239e-21	2.67774e-21
9.86678e+02	5.60204e-01	5.57910e-21	2.74841e-21
9.86878e+02	5.75359e-01	5.73585e-21	2.79795e-21
9.87078e+02	5.86444e-01	5.85230e-21	2.82681e-21
9.87278e+02	6.00732e-01	6.00097e-21	2.87025e-21
9.87478e+02	6.15721e-01	6.15693e-21	2.91605e-21
9.87677e+02	6.27976e-01	6.28585e-21	2.94799e-21
9.87877e+02	6.48130e-01	6.49416e-21	3.01592e-21
9.88077e+02	6.66926e-01	6.68928e-21	3.07618e-21
9.88277e+02	6.86702e-01	6.89461e-21	3.13964e-21
9.88477e+02	6.98520e-01	7.02038e-21	3.16570e-21
9.88676e+02	7.17905e-01	7.22251e-21	3.22507e-21
9.88876e+02	7.33885e-01	7.39076e-21	3.26801e-21
9.89076e+02	7.46446e-01	7.52487e-21	3.29486e-21
9.89276e+02	7.64576e-01	7.71544e-21	3.34538e-21
9.89476e+02	7.82244e-01	7.90173e-21	3.39277e-21
9.89676e+02	8.06708e-01	8.15710e-21	3.46831e-21
9.89875e+02	8.26636e-01	8.36706e-21	3.52295e-21
9.90075e+02	8.45047e-01	8.56206e-21	3.56998e-21
9.90275e+02	8.59414e-01	8.71645e-21	3.59900e-21
9.90475e+02	8.70641e-01	8.83924e-21	3.61421e-21
9.90675e+02	8.84837e-01	8.99246e-21	3.64112e-21
9.90874e+02	8.98154e-01	9.13702e-21	3.66371e-21
9.91074e+02	9.09182e-01	9.25856e-21	3.67640e-21
9.91274e+02	9.33576e-01	9.51658e-21	3.74217e-21
9.91474e+02	9.46184e-01	9.65485e-21	3.75970e-21
9.91674e+02	9.64152e-01	9.84813e-21	3.79777e-21
9.91874e+02	9.72217e-01	9.94055e-21	3.79624e-21
9.92073e+02	9.76471e-01	9.99411e-21	3.77971e-21
9.92273e+02	9.78709e-01	1.00271e-20	3.75546e-21
9.92473e+02	9.76488e-01	1.00145e-20	3.71439e-21
9.92673e+02	9.81045e-01	1.00714e-20	3.69933e-21
9.92873e+02	9.89497e-01	1.01684e-20	3.69883e-21
9.93072e+02	9.97364e-01	1.02596e-20	3.69590e-21
9.93272e+02	9.97422e-01	1.02705e-20	3.66407e-21
9.93472e+02	1.00000e+00	1.03074e-20	3.64170e-21
9.93672e+02	9.97801e-01	1.02951e-20	3.60222e-21
9.93872e+02	9.86523e-01	1.01890e-20	3.53067e-21
9.94071e+02	9.82982e-01	1.01627e-20	3.48754e-21
9.94271e+02	9.71018e-01	1.00491e-20	3.41529e-21
9.94471e+02	9.65979e-01	1.00070e-20	3.36819e-21
9.94671e+02	9.61475e-01	9.97042e-21	3.32350e-21
9.94871e+02	9.59102e-01	9.95583e-21	3.28666e-21
9.95071e+02	9.46788e-01	9.83790e-21	3.21644e-21
9.95270e+02	9.31849e-01	9.69242e-21	3.13836e-21
9.95470e+02	9.13084e-01	9.50680e-21	3.04862e-21
9.95670e+02	8.88581e-01	9.26099e-21	2.94122e-21
9.95870e+02	8.71472e-01	9.09182e-21	2.85972e-21
9.96070e+02	8.53381e-01	8.91203e-21	2.77622e-21
9.96269e+02	8.42595e-01	8.80824e-21	2.71751e-21
9.96469e+02	8.23666e-01	8.61901e-21	2.63359e-21
9.96669e+02	8.04652e-01	8.42851e-21	2.55065e-21
9.96869e+02	7.92076e-01	8.30512e-21	2.48918e-21
9.97069e+02	7.68873e-01	8.06993e-21	2.39548e-21
9.97268e+02	7.49563e-01	7.87516e-21	2.31525e-21
9.97468e+02	7.26673e-01	7.64234e-21	2.22526e-21
9.97668e+02	7.11889e-01	7.49437e-21	2.16126e-21
9.97868e+02	6.93696e-01	7.31018e-21	2.08794e-21
9.98068e+02	6.81715e-01	7.19114e-21	2.03427e-21
9.98268e+02	6.69901e-01	7.07360e-21	1.98187e-21
9.98467e+02	6.57171e-01	6.94615e-21	1.92754e-21
9.98667e+02	6.42655e-01	6.79953e-21	1.86881e-21
9.98867e+02	6.28435e-01	6.65575e-21	1.81180e-21
9.99067e+02	6.14229e-01	6.51182e-21	1.75568e-21
9.99267e+02	6.03298e-01	6.40234e-21	1.70967e-21
9.99466e+02	5.91228e-01	6.28054e-21	1.66113e-21
9.99666e+02	5.88850e-01	6.26155e-21	1.64030e-21
9.99866e+02	5.78815e-01	6.16101e-21	1.59856e-21
1.00007e+03	5.72618e-01	6.10115e-21	1.56793e-21
1.00027e+03	5.65877e-01	6.03537e-21	1.53623e-21
1.00047e+03	5.58741e-01	5.96522e-21	1.50391e-21
1.00067e+03	5.47886e-01	5.85519e-21	1.46211e-21
1.00087e+03	5.39247e-01	5.76864e-21	1.42677e-21
1.00106e+03	5.34150e-01	5.71983e-21	1.40123e-21
1.00126e+03	5.29774e-01	5.67865e-21	1.37791e-21
1.00146e+03	5.26939e-01	5.65391e-21	1.35886e-21
1.00166e+03	5.28417e-01	5.67543e-21	1.35106e-21
1.00186e+03	5.25534e-01	5.65012e-21	1.33225e-21
1.00206e+03	5.20125e-01	5.59755e-21	1.30732e-21
1.00226e+03	5.17394e-01	5.57373e-21	1.28939e-21
1.00246e+03	5.13639e-01	5.53880e-21	1.26915e-21
1.00266e+03	5.12841e-01	5.53573e-21	1.25641e-21
1.00286e+03	5.05841e-01	5.46561e-21	1.22873e-21
1.00306e+03	5.07640e-01	5.49053e-21	1.22263e-21
1.00326e+03	5.11378e-01	5.53649e-21	1.22118e-21
1.00346e+03	5.09122e-01	5.51756e-21	1.20547e-21
1.00366e+03	5.11018e-01	5.54365e-21	1.19970e-21
1.00386e+03	5.08825e-01	5.52536e-21	1.18442e-21
1.00406e+03	5.09614e-01	5.53945e-21	1.17621e-21
1.00426e+03	5.08836e-01	5.53651e-21	1.16446e-21
1.00446e+03	5.06778e-01	5.51961e-21	1.14993e-21
1.00466e+03	5.07761e-01	5.53584e-21	1.14241e-21
1.00486e+03	5.11339e-01	5.58040e-21	1.14073e-21
1.00506e+03	5.12962e-01	5.60369e-21	1.13467e-21
1.00526e+03	5.19676e-01	5.68270e-21	1.13981e-21
1.00546e+03	5.23431e-01	5.72946e-21	1.13834e-21
1.00566e+03	5.22703e-01	5.72720e-21	1.12716e-21
1.00586e+03	5.21395e-01	5.71855e-21	1.11485e-21
1.00606e+03	5.22354e-01	5.73477e-21	1.10747e-21
1.00626e+03	5.30355e-01	5.82841e-21	1.11495e-21
1.00646e+03	5.33470e-01	5.86848e-21	1.11204e-21
1.00666e+03	5.38340e-01	5.92794e-21	1.11274e-21
1.00686e+03	5.48653e-01	6.04752e-21	1.12450e-21
1.00706e+03	5.50485e-01	6.07375e-21	1.11875e-21
1.00726e+03	5.52249e-01	6.09927e-21	1.11289e-21
1.00746e+03	5.55615e-01	6.14255e-21	1.11025e-21
1.00766e+03	5.54761e-01	6.13920e-21	1.09922e-21
1.00786e+03	5.54699e-01	6.14462e-21	1.08986e-21
1.00806e+03	5.62522e-01	6.23747e-21	1.09594e-21
1.00826e+03	5.63856e-01	6.25847e-21	1.08931e-21
1.00846e+03	5.73895e-01	6.37622e-21	1.09940e-21
1.00866e+03	5.77691e-01	6.42478e-21	1.09738e-21
1.00886e+03	5.82890e-01	6.48904e-21	1.09797e-21
1.00906e+03	5.78799e-01	6.44989e-21	1.08112e-21
1.00926e+03	5.80436e-01	6.47455e-21	1.07509e-21
1.00946e+03	5.76265e-01	6.43440e-21	1.05842e-21
1.00966e+03	5.78281e-01	6.46332e-21	1.05323e-21
1.00986e+03	5.78581e-01	6.47308e-21	1.04495e-21
1.01006e+03	5.87413e-01	6.57842e-21	1.05202e-21
1.01026e+03	5.87023e-01	6.58056e-21	1.04253e-21
1.01046e+03	5.94981e-01	6.67640e-21	1.04783e-21
1.01066e+03	5.93610e-01	6.66761e-21	1.03668e-21
1.01086e+03	5.93038e-01	6.66778e-21	1.02703e-21
1.01106e+03	5.92573e-01	6.66916e-21	1.01765e-21
1.01126e+03	5.89145e-01	6.63715e-21	1.00332e-21
1.01145e+03	5.87241e-01	6.62225e-21	9.91730e-22
1.01165e+03	5.88499e-01	6.64301e-21	9.85565e-22
1.01185e+03	5.92582e-01	6.69572e-21	9.84129e-22
1.01205e+03	5.97786e-01	6.76120e-21	9.84498e-22
1.01225e+03	6.03926e-01	6.83741e-21	9.86325e-22
1.01245e+03	6.01353e-01	6.81502e-21	9.73946e-22
1.01265e+03	6.08591e-01	6.90387e-21	9.77464e-22
1.01285e+03	6.01792e-01	6.83348e-21	9.58502e-22
1.01305e+03	6.01855e-01	6.84097e-21	9.50631e-22
1.01325e+03	5.98386e-01	6.80825e-21	9.37294e-22
1.01345e+03	6.10762e-01	6.95593e-21	9.48730e-22
1.01365e+03	6.15523e-01	7.01708e-21	9.48184e-22
1.01385e+03	6.15712e-01	7.02618e-21	9.40601e-22
1.01405e+03	6.23996e-01	7.12775e-21	9.45345e-22
1.01425e+03	6.26041e-01	7.15816e-21	9.40575e-22
1.01445e+03	6.23804e-01	7.13964e-21	9.29443e-22
1.01465e+03	6.25597e-01	7.16722e-21	9.24389e-22
1.01485e+03	6.25023e-01	7.16772e-21	9.15889e-22
1.01505e+03	6.27385e-01	7.20190e-21	9.11736e-22
1.01525e+03	6.34332e-01	7.28883e-21	9.14199e-22
1.01545e+03	6.36083e-01	7.31616e-21	9.09138e-22
1.01565e+03	6.45855e-01	7.43589e-21	9.15469e-22
1.01585e+03	6.51598e-01	7.50941e-21	9.15974e-22
1.01605e+03	6.55648e-01	7.56352e-21	9.14049e-22
1.01625e+03	6.54787e-01	7.56104e-21	9.05308e-22
1.01645e+03	6.55748e-01	7.57960e-21	8.99150e-22
1.01665e+03	6.58311e-01	7.61672e-21	8.95213e-22
1.01685e+03	6.59283e-01	7.63548e-21	8.89137e-22
1.01705e+03	6.70328e-01	7.77104e-21	8.96577e-22
1.01725e+03	6.72681e-01	7.80601e-21	8.92308e-22
1.01745e+03	6.72152e-01	7.80754e-21	8.84258e-22
1.01765e+03	6.80489e-01	7.91216e-21	8.87852e-22
1.01785e+03	6.81168e-01	7.92785e-21	8.81420e-22
1.01805e+03	6.74591e-01	7.85903e-21	8.65725e-22
1.01825e+03	6.69815e-01	7.81107e-21	8.52524e-22
1.01845e+03	6.65667e-01	7.77033e-21	8.40277e-22
1.01865e+03	6.74750e-01	7.88410e-21	8.44742e-22
1.01885e+03	6.73472e-01	7.87691e-21	8.36214e-22
1.01905e+03	6.75844e-01	7.91242e-21	8.32267e-22
1.01925e+03	6.79612e-01	7.96435e-21	8.30035e-22
1.01945e+03	6.75994e-01	7.92974e-21	8.18842e-22
1.01965e+03	6.60626e-01	7.75708e-21	7.93662e-22
1.01985e+03	6.57212e-01	7.72458e-21	7.83087e-22
1.02005e+03	6.46343e-01	7.60428e-21	7.63823e-22
1.02025e+03	6.37115e-01	7.50308e-21	7.46750e-22
1.02045e+03	6.24417e-01	7.36075e-21	7.25873e-22
1.02065e+03	6.13938e-01	7.24432e-21	7.07848e-22
1.02085e+03	6.05212e-01	7.14837e-21	6.92078e-22
1.02105e+03	6.03533e-01	7.13554e-21	6.84513e-22
1.02125e+03	5.85414e-01	6.92810e-21	6.58534e-22
1.02145e+03	5.69248e-01	6.74339e-21	6.35115e-22
1.02164e+03	5.49382e-01	6.51443e-21	6.07944e-22
1.02184e+03	5.39775e-01	6.40679e-21	5.92435e-22
1.02204e+03	5.22188e-01	6.20413e-21	5.68455e-22
1.02224e+03	5.05243e-01	6.00868e-21	5.45520e-22
1.02244e+03	4.97036e-01	5.91687e-21	5.32282e-22
1.02264e+03	4.84041e-01	5.76781e-21	5.14139e-22
1.02284e+03	4.73569e-01	5.64856e-21	4.98918e-22
1.02304e+03	4.62846e-01	5.52606e-21	4.83648e-22
1.02324e+03	4.45299e-01	5.32177e-21	4.61524e-22
1.02344e+03	4.25122e-01	5.08560e-21	4.37026e-22
1.02364e+03	4.12784e-01	4.94284e-21	4.20890e-22
1.02384e+03	3.99280e-01	4.78582e-21	4.03810e-22
1.02404e+03	3.86601e-01	4.63838e-21	3.87809e-22
1.02424e+03	3.79262e-01	4.55478e-21	3.77356e-22
1.02444e+03	3.71380e-01	4.46448e-21	3.66512e-22
1.02464e+03	3.61640e-01	4.35164e-21	3.54002e-22
1.02484e+03	3.49724e-01	4.21237e-21	3.39560e-22
1.02504e+03	3.41084e-01	4.11232e-21	3.28484e-22
1.02524e+03	3.30363e-01	3.98695e-21	3.15580e-22
1.02544e+03	3.20499e-01	3.87169e-21	3.03675e-22
1.02564e+03	3.12315e-01	3.77651e-21	2.93524e-22
1.02584e+03	2.99680e-01	3.62726e-21	2.79367e-22
1.02604e+03	2.90260e-01	3.51667e-21	2.68395e-22
1.02624e+03	2.88721e-01	3.50144e-21	2.64812e-22
1.02644e+03	2.80972e-01	3.41079e-21	2.55620e-22
1.02664e+03	2.78225e-01	3.38074e-21	2.51075e-22
1.02684e+03	2.76872e-01	3.36758e-21	2.47834e-22
1.02704e+03	2.69888e-01	3.28584e-21	2.39631e-22
1.02724e+03	2.63448e-01	3.21056e-21	2.32024e-22
1.02744e+03	2.56736e-01	3.13181e-21	2.24287e-22
1.02764e+03	2.50814e-01	3.06255e-21	2.17346e-22
1.02784e+03	2.45137e-01	2.99616e-21	2.10713e-22
1.02804e+03	2.39972e-01	2.93588e-21	2.04610e-22
1.02824e+03	2.34812e-01	2.87555e-21	1.98597e-22
1.02844e+03	2.29693e-01	2.81560e-21	1.92702e-22
1.02864e+03	2.24948e-01	2.76013e-21	1.87202e-22
1.02884e+03	2.19897e-01	2.70078e-21	1.81526e-22
1.02904e+03	2.15031e-01	2.64358e-21	1.76081e-22
1.02924e+03	2.10599e-01	2.59161e-21	1.71064e-22
1.02944e+03	2.06593e-01	2.54479e-21	1.66462e-22
1.02964e+03	2.02709e-01	2.49938e-21	1.62020e-22
1.02984e+03	1.98786e-01	2.45339e-21	1.57608e-22
1.03004e+03	1.94845e-01	2.40708e-21	1.53243e-22
1.03024e+03	1.91229e-01	2.36471e-21	1.49192e-22
1.03044e+03	1.87580e-01	2.32185e-21	1.45171e-22
1.03064e+03	1.83986e-01	2.27957e-21	1.41248e-22
1.03084e+03	1.80750e-01	2.24166e-21	1.37651e-22
1.03104e+03	1.77683e-01	2.20576e-21	1.34231e-22
1.03124e+03	1.74469e-01	2.16797e-21	1.30748e-22
1.03143e+03	1.71843e-01	2.13740e-21	1.27748e-22
1.03163e+03	1.68931e-01	2.10323e-21	1.24579e-22
1.03183e+03	1.66176e-01	2.07093e-21	1.21566e-22
1.03203e+03	1.63276e-01	2.03677e-21	1.18490e-22
1.03223e+03	1.60643e-01	2.00587e-21	1.15648e-22
1.03243e+03	1.58322e-01	1.97881e-21	1.13066e-22
1.03263e+03	1.55853e-01	1.94984e-21	1.10414e-22
1.03283e+03	1.53519e-01	1.92251e-21	1.07892e-22
1.03303e+03	1.51450e-01	1.89843e-21	1.05589e-22
1.03323e+03	1.49475e-01	1.87549e-21	1.03380e-22
1.03343e+03	1.47184e-01	1.84853e-21	1.00984e-22
1.03363e+03	1.45167e-01	1.82497e-21	9.88065e-23
1.03383e+03	1.43333e-01	1.80366e-21	9.67809e-23
1.03403e+03	1.41517e-01	1.78253e-21	9.47935e-23
1.03423e+03	1.39794e-01	1.76253e-21	9.28939e-23
1.03443e+03	1.38013e-01	1.74176e-21	9.09810e-23
1.03463e+03	1.36175e-01	1.72023e-21	8.90551e-23
1.03483e+03	1.34166e-01	1.69650e-21	8.70441e-23
1.03503e+03	1.32605e-01	1.67837e-21	8.53471e-23
1.03523e+03	1.31098e-01	1.66091e-21	8.37069e-23
1.03543e+03	1.29594e-01	1.64344e-21	8.20897e-23
1.03563e+03	1.28110e-01	1.62619e-21	8.05055e-23
1.03583e+03	1.26641e-01	1.60911e-21	7.89511e-23
1.03603e+03	1.25336e-01	1.59406e-21	7.75175e-23
1.03623e+03	1.23975e-01	1.57828e-21	7.60682e-23
1.03643e+03	1.22468e-01	1.56060e-21	7.45480e-23
1.03663e+03	1.20928e-01	1.54246e-21	7.30272e-23
1.03683e+03	1.19811e-01	1.52969e-21	7.17801e-23
1.03703e+03	1.18508e-01	1.51451e-21	7.04371e-23
1.03723e+03	1.17344e-01	1.50109e-21	6.91939e-23
1.03743e+03	1.16416e-01	1.49066e-21	6.81036e-23
1.03763e+03	1.15053e-01	1.47462e-21	6.67742e-23
1.03783e+03	1.13958e-01	1.46200e-21	6.56160e-23
1.03803e+03	1.12643e-01	1.44653e-21	6.43467e-23
1.03823e+03	1.11546e-01	1.43382e-21	6.32169e-23
1.03843e+03	1.10508e-01	1.42184e-21	6.21339e-23
1.03863e+03	1.09459e-01	1.40971e-21	6.10589e-23
1.03883e+03	1.08820e-01	1.40282e-21	6.02234e-23
1.03903e+03	1.07876e-01	1.39200e-21	5.92304e-23
1.03923e+03	1.06750e-01	1.37880e-21	5.81505e-23
1.03943e+03	1.05756e-01	1.36728e-21	5.71553e-23
1.03963e+03	1.04579e-01	1.35336e-21	5.60742e-23
1.03983e+03	1.03680e-01	1.34302e-21	5.51547e-23
1.04003e+03	1.02661e-01	1.33110e-21	5.41829e-23
1.04023e+03	1.01871e-01	1.32214e-21	5.33434e-23
1.04043e+03	1.00724e-01	1.30850e-21	5.23278e-23
1.04063e+03	9.98655e-02	1.29860e-21	5.14743e-23
1.04083e+03	9.88912e-02	1.28717e-21	5.05718e-23
1.04102e+03	9.79251e-02	1.27582e-21	4.96846e-23
1.04122e+03	9.67964e-02	1.26233e-21	4.87265e-23
1.04142e+03	9.55180e-02	1.24685e-21	4.77058e-23
1.04162e+03	9.44280e-02	1.23381e-21	4.67916e-23
1.04182e+03	9.32847e-02	1.22004e-21	4.58627e-23
1.04202e+03	9.24819e-02	1.21070e-21	4.51118e-23
1.04222e+03	9.17070e-02	1.20171e-21	4.43835e-23
1.04242e+03	9.08153e-02	1.19117e-21	4.36078e-23
1.04262e+03	9.00768e-02	1.18262e-21	4.29147e-23
1.04282e+03	8.93006e-02	1.17356e-21	4.22121e-23
1.04302e+03	8.82598e-02	1.16099e-21	4.13940e-23
1.04322e+03	8.77469e-02	1.15535e-21	4.08318e-23
1.04342e+03	8.73447e-02	1.15116e-21	4.03271e-23
1.04362e+03	8.66448e-02	1.14303e-21	3.96915e-23
1.04382e+03	8.59468e-02	1.13491e-21	3.90644e-23
1.04402e+03	8.53661e-02	1.12833e-21	3.84977e-23
1.04422e+03	8.49927e-02	1.12447e-21	3.80303e-23
1.04442e+03	8.46708e-02	1.12128e-21	3.75909e-23
1.04462e+03	8.41770e-02	1.11581e-21	3.70804e-23
1.04482e+03	8.36108e-02	1.10937e-21	3.65440e-23
1.04502e+03	8.31508e-02	1.10433e-21	3.60600e-23
1.04522e+03	8.25925e-02	1.09796e-21	3.55390e-23
1.04542e+03	8.18788e-02	1.08952e-21	3.49578e-23
1.04562e+03	8.15961e-02	1.08680e-21	3.45661e-23
1.04582e+03	8.08818e-02	1.07831e-21	3.39971e-23
1.04602e+03	8.01684e-02	1.06983e-21	3.34354e-23
1.04622e+03	7.93471e-02	1.05988e-21	3.28357e-23
1.04642e+03	7.85908e-02	1.05078e-21	3.22702e-23
1.04662e+03	7.76025e-02	1.03856e-21	3.16171e-23
1.04682e+03	7.68571e-02	1.02957e-21	3.10704e-23
1.04702e+03	7.65393e-02	1.02629e-21	3.07020e-23
1.04722e+03	7.58405e-02	1.01789e-21	3.01858e-23
1.04742e+03	7.50251e-02	1.00791e-21	2.96298e-23
1.04762e+03	7.46412e-02	1.00372e-21	2.92499e-23
1.04782e+03	7.38527e-02	9.94062e-22	2.87168e-23
1.04802e+03	7.30349e-02	9.83994e-22	2.81790e-23
1.04822e+03	7.20120e-02	9.71140e-22	2.75693e-23
1.04842e+03	7.12581e-02	9.61891e-22	2.70697e-23
1.04862e+03	7.06666e-02	9.54817e-22	2.66375e-23
1.04882e+03	7.00388e-02	9.47239e-22	2.61968e-23
1.04902e+03	6.96591e-02	9.43002e-22	2.58535e-23
1.04922e+03	6.89389e-02	9.34144e-22	2.53886e-23
1.04942e+03	6.84278e-02	9.28103e-22	2.50059e-23
1.04962e+03	6.79392e-02	9.22355e-22	2.46358e-23
1.04982e+03	6.73916e-02	9.15794e-22	2.42488e-23
1.05002e+03	6.70563e-02	9.12107e-22	2.39421e-23
1.05022e+03	6.64275e-02	9.04415e-22	2.35348e-23
1.05041e+03	6.61017e-02	9.00838e-22	2.32390e-23
1.05061e+03	6.55633e-02	8.94352e-22	2.28722e-23
1.05081e+03	6.48099e-02	8.84918e-22	2.24354e-23
1.05101e+03	6.42786e-02	8.78499e-22	2.20803e-23
1.05121e+03	6.33867e-02	8.67135e-22	2.16064e-23
1.05141e+03	6.24354e-02	8.54935e-22	2.11185e-23
1.05161e+03	6.13066e-02	8.40278e-22	2.05774e-23
1.05181e+03	6.07715e-02	8.33737e-22	2.02411e-23
1.05201e+03	6.03559e-02	8.28824e-22	1.99483e-23
1.05221e+03	5.96903e-02	8.20464e-22	1.95769e-23
1.05241e+03	5.92115e-02	8.14657e-22	1.92709e-23
1.05261e+03	5.81019e-02	8.00152e-22	1.87648e-23
1.05281e+03	5.74451e-02	7.91859e-22	1.84104e-23
1.05301e+03	5.65859e-02	7.80757e-22	1.79961e-23
1.05321e+03	5.60450e-02	7.74029e-22	1.76875e-23
1.05341e+03	5.56956e-02	7.69934e-22	1.74427e-23
1.05361e+03	5.49738e-02	7.60679e-22	1.70849e-23
1.05381e+03	5.43009e-02	7.52082e-22	1.67466e-23
1.05401e+03	5.40471e-02	7.49278e-22	1.65409e-23
1.05421e+03	5.37820e-02	7.46311e-22	1.63339e-23
1.05441e+03	5.33386e-02	7.40862e-22	1.60755e-23
1.05461e+03	5.31512e-02	7.38960e-22	1.58966e-23
1.05481e+03	5.23473e-02	7.28474e-22	1.55367e-23
1.05501e+03	5.16756e-02	7.19810e-22	1.52203e-23
1.05521e+03	5.08204e-02	7.08569e-22	1.48542e-23
1.05541e+03	5.09232e-02	7.10676e-22	1.47707e-23
1.05561e+03	5.10748e-02	7.13468e-22	1.47017e-23
1.05581e+03	5.05782e-02	7.07202e-22	1.44479e-23
1.05601e+03	4.98803e-02	6.98105e-22	1.41400e-23
1.05621e+03	4.94341e-02	6.92515e-22	1.39068e-23
1.05641e+03	4.88442e-02	6.84901e-22	1.36363e-23
1.05661e+03	4.88828e-02	6.86092e-22	1.35432e-23
1.05681e+03	4.86206e-02	6.83058e-22	1.33681e-23
1.05701e+03	4.78109e-02	6.72319e-22	1.30456e-23
1.05721e+03	4.66585e-02	6.56736e-22	1.26344e-23
1.05741e+03	4.59713e-02	6.47676e-22	1.23538e-23
1.05761e+03	4.53980e-02	6.40205e-22	1.21071e-23
1.05781e+03	4.43946e-02	6.26647e-22	1.17496e-23
1.05801e+03	4.33668e-02	6.12720e-22	1.13906e-23
1.05821e+03	4.22287e-02	5.97204e-22	1.10075e-23
1.05841e+03	4.14174e-02	5.86284e-22	1.07142e-23
1.05861e+03	4.06957e-02	5.76614e-22	1.04477e-23
1.05881e+03	4.05672e-02	5.75337e-22	1.03359e-23
1.05901e+03	3.94356e-02	5.59817e-22	9.97147e-24
1.05921e+03	3.92840e-02	5.58192e-22	9.85796e-24
1.05941e+03	3.80524e-02	5.41203e-22	9.47666e-24
1.05960e+03	3.71182e-02	5.28416e-22	9.17410e-24
1.05980e+03	3.61961e-02	5.15775e-22	8.87857e-24
1.06000e+03	3.55669e-02	5.07288e-22	8.65831e-24
1.06020e+03	3.47031e-02	4.95435e-22	8.38421e-24
1.06040e+03	3.37321e-02	4.82029e-22	8.08811e-24
1.06060e+03	3.28546e-02	4.69933e-22	7.81826e-24
1.06080e+03	3.19138e-02	4.56906e-22	7.53707e-24
1.06100e+03	3.20357e-02	4.59085e-22	7.50882e-24
1.06120e+03	3.19199e-02	4.57857e-22	7.42527e-24
1.06140e+03	3.14410e-02	4.51413e-22	7.25876e-24
1.06160e+03	3.13035e-02	4.49862e-22	7.17257e-24
1.06180e+03	3.13762e-02	4.51334e-22	7.13512e-24
1.06200e+03	3.07510e-02	4.42757e-22	6.94031e-24
1.06220e+03	3.04422e-02	4.38724e-22	6.81892e-24
1.06240e+03	3.01059e-02	4.34287e-22	6.69289e-24
1.06260e+03	2.95397e-02	4.26520e-22	6.51764e-24
1.06280e+03	2.88280e-02	4.16636e-22	6.31282e-24
1.06300e+03	2.87886e-02	4.16459e-22	6.25684e-24
1.06320e+03	2.84969e-02	4.12628e-22	6.14695e-24
1.06340e+03	2.80854e-02	4.07052e-22	6.01271e-24
1.06360e+03	2.70790e-02	3.92835e-22	5.75376e-24
1.06380e+03	2.64032e-02	3.83392e-22	5.56810e-24
1.06400e+03	2.61602e-02	3.80222e-22	5.47551e-24
1.06420e+03	2.55578e-02	3.71816e-22	5.30934e-24
1.06440e+03	2.53964e-02	3.69816e-22	5.23630e-24
1.06460e+03	2.51892e-02	3.67144e-22	5.15469e-24
1.06480e+03	2.43792e-02	3.55671e-22	4.95159e-24
1.06500e+03	2.36309e-02	3.45078e-22	4.76369e-24
1.06520e+03	2.36504e-02	3.45688e-22	4.73198e-24
1.06540e+03	2.32889e-02	3.40723e-22	4.62481e-24
1.06560e+03	2.24264e-02	3.28414e-22	4.42026e-24
1.06580e+03	2.19913e-02	3.22345e-22	4.30212e-24
1.06600e+03	2.13866e-02	3.13776e-22	4.15259e-24
1.06620e+03	2.06555e-02	3.03334e-22	3.98070e-24
1.06640e+03	2.05514e-02	3.02089e-22	3.93110e-24
1.06660e+03	1.95659e-02	2.87872e-22	3.71467e-24
1.06680e+03	1.88431e-02	2.77498e-22	3.55077e-24
1.06700e+03	1.78204e-02	2.62684e-22	3.33304e-24
1.06720e+03	1.69083e-02	2.49472e-22	3.13888e-24
1.06740e+03	1.70586e-02	2.51927e-22	3.14322e-24
1.06760e+03	1.73000e-02	2.55732e-22	3.16398e-24
1.06780e+03	1.68997e-02	2.50048e-22	3.06776e-24
1.06800e+03	1.60928e-02	2.38333e-22	2.89957e-24
1.06820e+03	1.65163e-02	2.44834e-22	2.95375e-24
1.06839e+03	1.61135e-02	2.39087e-22	2.86030e-24
1.06859e+03	1.50721e-02	2.23845e-22	2.65557e-24
1.06879e+03	1.49156e-02	2.21728e-22	2.60849e-24
1.06899e+03	1.44141e-02	2.14473e-22	2.50206e-24
1.06919e+03	1.33576e-02	1.98940e-22	2.30148e-24
1.06939e+03	1.30209e-02	1.94106e-22	2.22682e-24
1.06959e+03	1.25798e-02	1.87706e-22	2.13543e-24
1.06979e+03	1.22659e-02	1.83194e-22	2.06672e-24
1.06999e+03	1.24108e-02	1.85531e-22	2.07564e-24
1.07019e+03	1.25018e-02	1.87067e-22	2.07539e-24
1.07039e+03	1.14952e-02	1.72166e-22	1.89416e-24
1.07059e+03	1.20146e-02	1.80113e-22	1.96509e-24
1.07079e+03	1.19930e-02	1.79958e-22	1.94706e-24
1.07099e+03	1.27026e-02	1.90783e-22	2.04701e-24
1.07119e+03	1.24128e-02	1.86605e-22	1.98553e-24
1.07139e+03	1.17083e-02	1.76179e-22	1.85901e-24
1.07159e+03	1.10801e-02	1.66882e-22	1.74627e-24
1.07179e+03	1.09590e-02	1.65212e-22	1.71444e-24
1.07199e+03	1.07216e-02	1.61784e-22	1.66492e-24
1.07219e+03	9.91761e-03	1.49792e-22	1.52872e-24
1.07239e+03	9.51033e-03	1.43775e-22	1.45513e-24
1.07259e+03	9.55478e-03	1.44582e-22	1.45116e-24
1.07279e+03	1.01864e-02	1.54284e-22	1.53570e-24
1.07299e+03	1.00105e-02	1.51760e-22	1.49806e-24
1.07319e+03	9.66697e-03	1.46689e-22	1.43600e-24
1.07339e+03	9.42734e-03	1.43187e-22	1.39010e-24
1.07359e+03	9.55364e-03	1.45240e-22	1.39837e-24
1.07379e+03	9.13101e-03	1.38945e-22	1.32668e-24
1.07399e+03	9.34413e-03	1.42320e-22	1.34767e-24
1.07419e+03	9.65377e-03	1.47174e-22	1.38210e-24
1.07439e+03	9.01837e-03	1.37615e-22	1.28165e-24
1.07459e+03	8.59485e-03	1.31275e-22	1.21250e-24
1.07479e+03	8.75781e-03	1.33888e-22	1.22642e-24
1.07499e+03	8.23026e-03	1.25940e-22	1.14409e-24
1.07519e+03	8.25646e-03	1.26459e-22	1.13932e-24
1.07539e+03	7.65919e-03	1.17420e-22	1.04915e-24
1.07559e+03	7.60774e-03	1.16740e-22	1.03447e-24
1.07579e+03	7.60616e-03	1.16824e-22	1.02668e-24
1.07599e+03	7.30090e-03	1.12240e-22	9.78265e-25
1.07619e+03	7.18341e-03	1.10537e-22	9.55480e-25
1.07639e+03	7.12664e-03	1.09765e-22	9.40995e-25
1.07659e+03	7.30238e-03	1.12576e-22	9.57149e-25
1.07679e+03	6.53653e-03	1.00864e-22	8.50505e-25
1.07698e+03	6.56664e-03	1.01422e-22	8.48181e-25
1.07718e+03	7.22160e-03	1.11642e-22	9.25968e-25
1.07738e+03	6.86500e-03	1.06228e-22	8.73818e-25
1.07758e+03	6.46355e-03	1.00109e-22	8.16715e-25
1.07778e+03	6.05833e-03	9.39198e-23	7.59929e-25
1.07798e+03	4.98475e-03	7.73484e-23	6.20706e-25
1.07818e+03	4.44892e-03	6.90981e-23	5.49946e-25
1.07838e+03	5.40695e-03	8.40556e-23	6.63502e-25
1.07858e+03	5.57908e-03	8.68120e-23	6.79638e-25
1.07878e+03	4.99802e-03	7.78428e-23	6.04422e-25
1.07898e+03	4.88641e-03	7.61752e-23	5.86625e-25
1.07918e+03	5.14043e-03	8.02094e-23	6.12631e-25
1.07938e+03	5.10912e-03	7.97948e-23	6.04472e-25
1.07958e+03	5.36813e-03	8.39179e-23	6.30500e-25
1.07978e+03	5.51734e-03	8.63303e-23	6.43316e-25
1.07998e+03	5.68182e-03	8.89864e-23	6.57683e-25
1.08018e+03	5.68035e-03	8.90459e-23	6.52740e-25
1.08038e+03	5.00582e-03	7.85446e-23	5.71054e-25
1.08058e+03	4.60670e-03	7.23492e-23	5.21711e-25
1.08078e+03	4.24495e-03	6.67295e-23	4.77256e-25
1.08098e+03	4.40724e-03	6.93449e-23	4.91911e-25
1.08118e+03	3.45688e-03	5.44420e-23	3.83041e-25
1.08138e+03	3.45797e-03	5.45096e-23	3.80387e-25
1.08158e+03	3.33042e-03	5.25476e-23	3.63704e-25
1.08178e+03	3.56267e-03	5.62641e-23	3.86252e-25
1.08198e+03	3.90011e-03	6.16503e-23	4.19777e-25
1.08218e+03	3.20154e-03	5.06545e-23	3.42096e-25
1.08238e+03	2.14412e-03	3.39554e-23	2.27451e-25
1.08258e+03	1.79988e-03	2.85303e-23	1.89554e-25
1.08278e+03	2.32692e-03	3.69186e-23	2.43289e-25
1.08298e+03	2.01013e-03	3.19219e-23	2.08650e-25
1.08318e+03	1.31641e-03	2.09246e-23	1.35656e-25
1.08338e+03	1.60812e-03	2.55850e-23	1.64521e-25
1.08358e+03	1.25286e-03	1.99513e-23	1.27252e-25
1.08378e+03	1.21328e-03	1.93388e-23	1.22343e-25
1.08398e+03	1.81331e-03	2.89297e-23	1.81531e-25
1.08418e+03	1.92847e-03	3.07953e-23	1.91669e-25
1.08438e+03	2.30678e-03	3.68706e-23	2.27618e-25
1.08458e+03	2.37887e-03	3.80579e-23	2.33042e-25
1.08478e+03	2.23437e-03	3.57792e-23	2.17312e-25
1.08498e+03	2.19768e-03	3.52241e-23	2.12206e-25
1.08518e+03	2.34854e-03	3.76768e-23	2.25142e-25
1.08538e+03	1.90377e-03	3.05696e-23	1.81193e-25
1.08557e+03	2.92401e-03	4.69954e-23	2.76296e-25
1.08577e+03	3.09511e-03	4.97913e-23	2.90364e-25
1.08597e+03	3.06154e-03	4.92966e-23	2.85152e-25
1.08617e+03	3.09173e-03	4.98287e-23	2.85898e-25
1.08637e+03	3.76596e-03	6.07510e-23	3.45748e-25
1.08657e+03	3.84823e-03	6.21354e-23	3.50768e-25
1.08677e+03	3.18286e-03	5.14394e-23	2.88040e-25
1.08697e+03	3.24682e-03	5.25213e-23	2.91723e-25
1.08717e+03	3.34294e-03	5.41261e-23	2.98209e-25
1.08737e+03	2.99662e-03	4.85635e-23	2.65402e-25
1.08757e+03	3.49071e-03	5.66228e-23	3.06950e-25
1.08777e+03	2.95783e-03	4.80230e-23	2.58231e-25
1.08797e+03	2.33674e-03	3.79740e-23	2.02549e-25
1.08817e+03	1.79459e-03	2.91905e-23	1.54444e-25
1.08837e+03	1.70157e-03	2.77029e-23	1.45392e-25
1.08857e+03	1.35437e-03	2.20705e-23	1.14899e-25
1.08877e+03	1.22446e-03	1.99719e-23	1.03136e-25
1.08897e+03	1.70833e-04	2.78898e-24	1.42866e-26
1.08917e+03	3.09027e-04	5.04973e-24	2.56592e-26
1.08937e+03	2.75953e-04	4.51343e-24	2.27497e-26
1.08957e+03	-1.90612e-04	-3.12047e-24	-1.56021e-26
1.08977e+03	-9.05575e-04	-1.48386e-23	-7.35957e-26
1.08997e+03	-9.09801e-04	-1.49216e-23	-7.34126e-26
1.09017e+03	-6.50397e-04	-1.06769e-23	-5.21074e-26
1.09037e+03	-7.77085e-04	-1.27683e-23	-6.18141e-26
1.09057e+03	-1.50888e-03	-2.48152e-23	-1.19172e-25
1.09077e+03	-1.62307e-03	-2.67178e-23	-1.27279e-25
1.09097e+03	-1.39786e-03	-2.30317e-23	-1.08839e-25
1.09117e+03	-1.31454e-03	-2.16787e-23	-1.01624e-25
1.09137e+03	-6.69766e-04	-1.10556e-23	-5.14105e-26
1.09157e+03	-1.30964e-03	-2.16375e-23	-9.98128e-26
1.09177e+03	-6.21458e-04	-1.02770e-23	-4.70276e-26
1.09197e+03	-9.00018e-04	-1.48972e-23	-6.76239e-26
1.09217e+03	-1.03408e-03	-1.71319e-23	-7.71458e-26
1.09237e+03	-7.60843e-04	-1.26166e-23	-5.63590e-26
1.09257e+03	-6.90031e-04	-1.14529e-23	-5.07515e-26
1.09277e+03	-3.37371e-04	-5.60470e-24	-2.46378e-26
1.09297e+03	-5.08598e-04	-8.45700e-24	-3.68792e-26
1.09317e+03	-1.07957e-03	-1.79676e-23	-7.77274e-26
1.09337e+03	-5.33012e-04	-8.87920e-24	-3.81045e-26
1.09357e+03	-1.41586e-03	-2.36078e-23	-1.00502e-25
1.09376e+03	-1.28850e-03	-2.15039e-23	-9.08157e-26
1.09396e+03	-1.72042e-03	-2.87385e-23	-1.20401e-25
1.09416e+03	-1.98194e-03	-3.31373e-23	-1.37723e-25
1.09436e+03	-2.65636e-03	-4.44539e-23	-1.83284e-25
1.09456e+03	-2.55246e-03	-4.27544e-23	-1.74873e-25
1.09476e+03	-2.13168e-03	-3.57388e-23	-1.45014e-25
1.09496e+03	-2.36122e-03	-3.96234e-23	-1.59496e-25
1.09516e+03	-1.75540e-03	-2.94842e-23	-1.17738e-25
1.09536e+03	-2.44664e-03	-4.11320e-23	-1.62944e-25
1.09556e+03	-2.82273e-03	-4.74979e-23	-1.86667e-25
1.09576e+03	-3.34478e-03	-5.63338e-23	-2.19632e-25
1.09596e+03	-3.17953e-03	-5.35996e-23	-2.07312e-25
1.09616e+03	-2.95100e-03	-4.97925e-23	-1.91057e-25
1.09636e+03	-2.57571e-03	-4.34999e-23	-1.65587e-25
1.09656e+03	-2.05030e-03	-3.46581e-23	-1.30882e-25
1.09676e+03	-2.02004e-03	-3.41778e-23	-1.28044e-25
1.09696e+03	-1.23555e-03	-2.09238e-23	-7.77676e-26
1.09716e+03	-1.32611e-03	-2.24779e-23	-8.28813e-26
1.09736e+03	-2.18032e-03	-3.69907e-23	-1.35313e-25
1.09756e+03	-2.00111e-03	-3.39812e-23	-1.23319e-25
1.09776e+03	-9.84387e-04	-1.67313e-23	-6.02377e-26
1.09796e+03	-8.39380e-04	-1.42797e-23	-5.10041e-26
1.09816e+03	-7.07511e-04	-1.20473e-23	-4.26898e-26
1.09836e+03	-4.22182e-04	-7.19536e-24	-2.52952e-26
1.09856e+03	-4.59438e-05	-7.83746e-25	-2.73346e-27
1.09876e+03	-4.35519e-04	-7.43619e-24	-2.57300e-26
1.09896e+03	-5.86333e-04	-1.00204e-23	-3.43976e-26
1.09916e+03	-1.25025e-03	-2.13860e-23	-7.28333e-26
1.09936e+03	-8.92485e-04	-1.52803e-23	-5.16283e-26
1.09956e+03	-2.83529e-04	-4.85874e-24	-1.62869e-26
1.09976e+03	-3.68818e-04	-6.32605e-24	-2.10381e-26
